
AMDuProfPcm Report

Processor Name:,AMD EPYC 7473X 24-Core Processor               
System:,Family(0x19) Model(0x1) Stepping(0x2)
Operating System:,Linux 6.8.0-65-generic
Number of Sockets :,2
Number of Core Complexes(CCX) :,16
Number of Cores :,48
Number of Threads :,96
SMT Enabled in HW:,True
SMT Enabled by OS :,True

CPU Topology:
Socket, CCX, Core(s)
0,0, 0 1 2 48 49 50
0,1, 3 4 5 51 52 53
0,2, 6 7 8 54 55 56
0,3, 9 10 11 57 58 59
0,4, 12 13 14 60 61 62
0,5, 15 16 17 63 64 65
0,6, 18 19 20 66 67 68
0,7, 21 22 23 69 70 71
1,8, 24 25 26 72 73 74
1,9, 27 28 29 75 76 77
1,10, 30 31 32 78 79 80
1,11, 33 34 35 81 82 83
1,12, 36 37 38 84 85 86
1,13, 39 40 41 87 88 89
1,14, 42 43 44 90 91 92
1,15, 45 46 47 93 94 95

Core P0 state frequency (MHz):,2801.000000
Multiplex interval for core (ms):,1
Multiplex interval for l3 (ms):,1
Multiplex interval for df (ms):,1
Sample interval (ms):,1000
Data Collection Driver:,Linux Perf Driver
NMI Watchdog Enabled:,0
Version:,5.0.0

Hypervisor Info:
Hypervisor Enabled:,False
Command:,"AMDuProfPcm -m ipc,fp,l1,l2,memory,l3 -d 300 -o ../Linear_Regression/Client/performance_amd_client_intel_server_micro_client_linear -- ../Linear_Regression/client"

Abbreviation :
IPC    : Instructions Per CPU Cycle
CPI    : CPU Cycles Per Instructions
pti    : Per Thousand Instructions
ptc    : Per Thousand CPU Cycles

Profile Time: 2025/09/01 11:15:55:629
CORE METRICS,,,,,,,,,,,,,,,,,,,,,,,,,,,,,,,,,,,L3 METRICS,,,,DF METRICS,,,
System (Aggregated),,,,,,,,,,,,,,,,,,,,,,,,,,,,,,,,,,,System (Aggregated),,,,System (Aggregated),,,
Utilization (%),System time (%),User time (%),System instructions (%),User instructions (%),Eff Freq (MHz),IPC (Sys + User),IPC (Sys),IPC (User),CPI (Sys + User),CPI (Sys),CPI (User),Giga Instructions Per Sec,Locked Instructions (pti),Retired Branches (pti),Retired Branches Mispredicted (pti),Retired SSE/AVX Flops(GFLOPs),Mixed SSE/AVX Stalls (pti),IC (32B) Fetch Miss Ratio,Op Cache (64B) Fetch Miss Ratio,IC Access (pti),IC Miss (pti),DC Access (pti),L2 Access (pti),L2 Access from IC Miss (pti),L2 Access from DC Miss (pti),L2 Access from HWPF (pti),L2 Miss (pti),L2 Miss from IC Miss (pti),L2 Miss from DC Miss (pti),L2 Miss from HWPF (pti),L2 Hit (pti),L2 Hit from IC Miss (pti),L2 Hit from DC Miss (pti),L2 Hit from HWPF (pti),L3 Access,L3 Miss,L3 Miss %,Ave L3 Miss Latency,Total Mem Bw (GB/s),Total Mem RdBw (GB/s),Total Mem WrBw (GB/s),
5.60,22.56,62.44,4.89,95.11,2460.26,1.92,0.35,2.49,0.52,2.82,0.40,21.59,0.00,189.08,1.91,0.00,0.00,0.12,0.18,60.65,7.01,534.80,10.47,7.97,1.64,0.81,0.73,0.25,0.21,0.28,9.66,7.69,1.43,0.53,19235372.00,8817255.00,45.84,803.78,0.91,0.67,0.24,
29.21,6.14,91.97,1.10,98.90,3709.61,2.38,0.42,2.51,0.42,2.39,0.40,242.59,0.00,187.90,0.73,0.03,0.00,0.12,0.16,45.63,5.36,537.83,7.32,6.12,0.78,0.44,0.33,0.07,0.10,0.16,6.99,6.06,0.65,0.28,90005100.00,41733114.00,46.37,1164.95,3.33,2.70,0.63,
29.15,5.81,92.30,1.09,98.91,3711.29,2.39,0.44,2.51,0.42,2.27,0.40,243.15,0.00,187.87,0.73,0.03,0.00,0.12,0.15,45.47,5.33,538.12,7.24,6.11,0.78,0.38,0.30,0.06,0.11,0.13,6.95,6.06,0.65,0.25,78792175.00,39497415.00,50.13,981.77,3.86,2.46,1.40,
29.18,5.67,92.44,1.05,98.95,3711.02,2.39,0.43,2.51,0.42,2.31,0.40,243.96,0.00,188.24,0.72,0.03,0.00,0.12,0.16,45.82,5.40,536.10,7.24,6.20,0.74,0.32,0.26,0.05,0.11,0.10,6.98,6.15,0.62,0.22,70618336.00,34790688.00,49.27,991.12,3.40,2.14,1.25,
29.17,5.92,92.16,1.16,98.84,3711.10,2.38,0.46,2.51,0.42,2.18,0.40,242.96,0.00,187.42,0.76,0.03,0.00,0.12,0.15,45.58,5.26,539.36,7.22,6.00,0.80,0.43,0.32,0.06,0.10,0.16,6.87,5.94,0.67,0.27,84192995.00,43694098.00,51.90,918.59,4.43,2.70,1.72,
29.18,5.40,92.65,1.01,98.99,3711.05,2.40,0.44,2.51,0.42,2.28,0.40,244.60,0.00,188.28,0.73,0.03,0.00,0.12,0.16,45.84,5.40,535.91,7.28,6.20,0.75,0.35,0.27,0.05,0.10,0.12,7.02,6.15,0.63,0.23,71286258.00,33829491.00,47.46,969.93,3.34,2.13,1.22,
29.16,5.47,92.64,0.99,99.01,3712.14,2.40,0.43,2.51,0.42,2.34,0.40,244.46,0.00,188.26,0.71,0.03,0.00,0.12,0.16,45.76,5.41,536.12,7.25,6.22,0.74,0.32,0.24,0.05,0.09,0.10,7.01,6.16,0.63,0.22,66591660.00,33323635.00,50.04,1019.52,3.32,2.07,1.25,
29.15,5.55,92.55,1.03,98.97,3713.11,2.39,0.43,2.51,0.42,2.31,0.40,243.88,0.00,187.77,0.71,0.03,0.00,0.12,0.15,45.44,5.31,539.26,7.20,6.09,0.75,0.37,0.27,0.06,0.08,0.12,6.93,6.04,0.65,0.24,71786327.00,36162447.00,50.38,957.65,3.72,2.31,1.41,
29.18,7.60,90.45,2.03,97.97,3713.21,2.25,0.59,2.39,0.44,1.70,0.42,229.53,0.00,173.99,0.67,0.01,0.00,0.07,0.12,36.45,2.44,625.90,5.34,2.76,1.23,1.37,0.92,0.29,0.10,0.53,4.64,2.69,1.12,0.84,173442076.00,114795497.00,66.19,586.89,11.29,7.66,3.63,
29.19,8.02,90.05,2.42,97.58,3713.04,2.20,0.65,2.33,0.46,1.54,0.43,224.01,0.00,165.89,0.62,0.09,0.00,0.03,0.10,30.62,0.95,667.21,4.56,1.04,1.49,2.05,1.43,0.56,0.11,0.77,3.63,0.97,1.37,1.29,227683501.00,158602276.00,69.66,482.18,14.87,10.72,4.15,
29.15,2.71,95.43,0.45,99.55,3713.13,2.24,0.36,2.30,0.45,2.75,0.44,228.92,0.00,136.40,0.13,2.02,0.00,0.07,0.01,2.92,0.22,618.57,2.50,0.25,0.82,1.45,0.80,0.07,0.03,0.70,1.75,0.21,0.79,0.75,187194530.00,157578704.00,84.18,452.39,11.15,10.25,0.91,
29.11,2.45,95.70,0.37,99.63,3712.50,2.20,0.33,2.25,0.46,3.05,0.45,223.77,0.00,134.98,0.12,1.68,0.00,0.11,0.00,1.68,0.19,617.88,1.49,0.22,0.49,0.81,0.47,0.05,0.03,0.39,1.07,0.20,0.45,0.42,110638357.00,85171125.00,76.98,475.38,6.79,5.76,1.03,
28.14,3.46,94.51,0.67,99.33,3714.80,2.16,0.41,2.22,0.46,2.45,0.45,212.16,0.00,123.90,0.27,3.14,0.00,0.08,0.01,3.21,0.27,673.24,4.18,0.31,1.44,2.47,1.88,0.61,0.19,1.08,2.79,0.24,1.16,1.39,294051926.00,215737716.00,73.37,498.68,20.97,14.34,6.63,
26.10,2.83,95.06,0.50,99.50,3723.02,1.96,0.34,2.01,0.51,2.93,0.50,179.02,0.00,106.86,0.18,4.48,0.00,0.10,0.01,2.70,0.28,687.32,7.00,0.32,2.23,4.47,3.54,1.60,0.18,1.77,4.71,0.21,1.80,2.70,372290257.00,311736513.00,83.73,520.73,21.86,20.14,1.72,
25.82,2.76,95.12,0.49,99.51,3725.03,1.94,0.34,1.99,0.52,2.94,0.50,175.30,0.00,107.05,0.18,4.35,0.00,0.10,0.01,2.75,0.28,687.36,7.01,0.33,2.24,4.46,3.53,1.57,0.19,1.77,4.71,0.21,1.81,2.69,367406416.00,306795159.00,83.50,550.94,21.54,19.81,1.73,
25.97,2.76,95.13,0.50,99.50,3725.07,1.91,0.34,1.96,0.52,2.97,0.51,173.94,0.00,107.02,0.17,4.34,0.00,0.10,0.01,2.72,0.28,687.74,7.04,0.32,2.24,4.49,3.53,1.59,0.17,1.77,4.76,0.21,1.83,2.72,363782445.00,305287692.00,83.92,521.97,21.46,19.75,1.71,
25.79,2.83,95.04,0.51,99.49,3725.09,1.95,0.34,2.00,0.51,2.90,0.50,176.37,0.00,107.01,0.18,4.40,0.00,0.10,0.01,2.70,0.28,687.03,7.03,0.32,2.23,4.48,3.55,1.59,0.18,1.78,4.71,0.21,1.80,2.70,371200111.00,309930623.00,83.49,518.02,21.76,20.02,1.75,
25.95,2.94,94.95,0.61,99.39,3725.04,1.92,0.39,1.97,0.52,2.59,0.51,174.29,0.00,107.10,0.20,4.34,0.00,0.09,0.01,3.18,0.30,687.37,7.05,0.34,2.27,4.48,3.53,1.58,0.18,1.77,4.78,0.23,1.84,2.71,364636441.00,305371623.00,83.75,512.39,21.41,19.74,1.67,
25.86,3.61,94.27,0.86,99.14,3725.03,1.94,0.45,1.99,0.52,2.22,0.50,175.18,0.00,107.45,0.26,4.36,0.00,0.12,0.02,4.39,0.52,686.16,7.44,0.59,2.34,4.53,3.58,1.58,0.20,1.80,5.10,0.48,1.89,2.73,379968414.00,312505200.00,82.25,518.44,22.20,20.21,2.00,
26.54,22.41,75.51,8.58,91.42,3726.15,1.75,0.66,2.07,0.57,1.52,0.48,162.69,0.00,114.83,2.01,3.72,0.00,0.14,0.12,41.41,5.79,666.84,14.68,6.55,3.79,4.27,3.68,0.94,0.73,2.01,11.37,6.42,2.69,2.26,464060865.00,374932444.00,80.79,655.72,30.21,23.40,6.81,
26.11,5.06,92.84,1.49,98.51,3726.79,1.96,0.57,2.04,0.51,1.77,0.49,179.24,0.00,107.92,0.41,4.42,0.00,0.10,0.02,6.74,0.69,683.73,7.66,0.76,2.37,4.53,3.61,1.58,0.22,1.81,5.25,0.66,1.87,2.72,392305983.00,322265793.00,82.15,495.40,22.94,20.84,2.11,
26.06,13.98,83.91,5.04,94.96,3726.65,1.90,0.67,2.11,0.53,1.49,0.47,173.47,0.00,111.66,1.24,4.11,0.00,0.11,0.07,23.85,2.71,675.03,10.38,3.06,2.88,4.47,3.63,1.33,0.38,1.92,7.66,2.92,2.19,2.55,428382717.00,348153482.00,81.27,549.46,26.23,22.43,3.80,
26.12,6.45,91.45,2.09,97.91,3726.79,1.88,0.60,1.98,0.53,1.67,0.51,172.41,0.00,108.58,0.55,4.24,0.00,0.10,0.03,10.17,1.04,683.50,8.14,1.17,2.48,4.50,3.59,1.51,0.26,1.82,5.71,1.06,1.98,2.68,380786098.00,314211461.00,82.52,510.87,22.77,20.31,2.45,
26.20,8.09,89.82,2.82,97.18,3726.68,1.90,0.65,2.01,0.53,1.54,0.50,174.13,0.00,109.49,0.74,4.24,0.00,0.07,0.04,13.26,0.89,681.46,7.84,1.03,2.44,4.39,3.54,1.47,0.28,1.79,5.42,0.93,1.89,2.60,386984901.00,313804093.00,81.09,480.12,22.52,20.37,2.15,
25.84,4.90,92.98,1.39,98.61,3726.68,1.97,0.55,2.04,0.51,1.83,0.49,178.08,0.00,107.99,0.39,4.39,0.00,0.08,0.02,6.69,0.51,684.58,7.28,0.59,2.27,4.43,3.54,1.57,0.20,1.77,4.96,0.48,1.82,2.66,380356370.00,315491006.00,82.95,465.71,22.34,20.38,1.96,
26.02,8.19,89.70,2.84,97.16,3726.66,1.92,0.65,2.04,0.52,1.53,0.49,175.19,0.00,109.49,0.74,4.26,0.00,0.08,0.04,13.91,1.09,680.84,8.09,1.24,2.47,4.43,3.54,1.48,0.25,1.80,5.63,1.08,1.92,2.62,388442820.00,318240886.00,81.93,489.81,22.98,20.65,2.33,
26.08,5.67,92.23,1.73,98.27,3726.71,1.97,0.59,2.05,0.51,1.70,0.49,179.77,0.00,108.34,0.48,4.42,0.00,0.07,0.03,8.68,0.60,683.33,7.45,0.68,2.34,4.44,3.55,1.55,0.22,1.78,5.07,0.56,1.85,2.66,388433515.00,317271192.00,81.68,461.95,22.52,20.54,1.98,
25.89,6.38,91.50,2.01,97.99,3726.75,1.95,0.60,2.05,0.51,1.66,0.49,177.01,0.00,108.60,0.53,4.34,0.00,0.06,0.03,9.67,0.58,683.02,7.43,0.68,2.33,4.44,3.55,1.56,0.21,1.78,5.08,0.56,1.85,2.66,382227180.00,315581725.00,82.56,460.76,22.38,20.45,1.93,
26.20,6.09,91.82,1.83,98.17,3726.71,1.96,0.58,2.05,0.51,1.73,0.49,179.96,0.00,108.37,0.50,4.44,0.00,0.08,0.03,9.09,0.76,682.72,7.60,0.84,2.34,4.41,3.56,1.52,0.25,1.79,5.19,0.72,1.85,2.62,392809713.00,321778058.00,81.92,464.02,22.94,20.85,2.09,
25.83,4.69,93.19,1.28,98.72,3726.65,1.95,0.52,2.02,0.51,1.91,0.49,176.60,0.00,107.93,0.38,4.35,0.00,0.06,0.02,6.38,0.39,684.52,7.15,0.46,2.30,4.43,3.54,1.55,0.22,1.77,4.80,0.33,1.81,2.66,381463905.00,311110355.00,81.56,480.87,21.95,20.15,1.79,
26.02,5.91,91.99,1.79,98.21,3726.67,1.97,0.58,2.06,0.51,1.71,0.49,179.50,0.00,108.35,0.48,4.40,0.00,0.06,0.03,8.47,0.52,683.11,7.26,0.59,2.28,4.40,3.53,1.54,0.21,1.78,4.90,0.48,1.80,2.62,383097585.00,317331364.00,82.83,471.34,22.51,20.66,1.85,
25.92,5.72,92.17,1.77,98.23,3726.66,1.96,0.59,2.05,0.51,1.68,0.49,178.25,0.00,108.40,0.48,4.37,0.00,0.07,0.03,8.43,0.63,683.71,7.48,0.71,2.32,4.45,3.55,1.56,0.20,1.79,5.10,0.58,1.85,2.66,383578558.00,316890493.00,82.61,483.44,22.64,20.55,2.10,
25.92,5.79,92.09,1.81,98.19,3726.54,1.95,0.59,2.03,0.51,1.68,0.49,176.62,0.00,108.40,0.50,4.34,0.00,0.06,0.03,8.71,0.52,683.40,7.30,0.59,2.31,4.41,3.54,1.53,0.23,1.78,4.93,0.48,1.82,2.63,379183205.00,313423184.00,82.66,453.80,22.19,20.34,1.85,
25.85,5.81,92.07,1.78,98.22,3726.73,1.98,0.59,2.06,0.51,1.68,0.48,178.93,0.00,108.46,0.50,4.39,0.00,0.06,0.03,8.94,0.56,683.04,7.37,0.64,2.31,4.42,3.53,1.55,0.21,1.78,4.99,0.52,1.83,2.64,384966469.00,316976875.00,82.34,452.82,22.45,20.51,1.94,
26.16,5.12,92.79,1.45,98.55,3726.46,1.97,0.54,2.05,0.51,1.84,0.49,180.33,0.00,108.05,0.41,4.44,0.00,0.06,0.02,7.11,0.45,683.81,7.22,0.50,2.31,4.42,3.57,1.57,0.23,1.77,4.85,0.39,1.81,2.65,390197405.00,316321461.00,81.07,450.02,22.28,20.52,1.76,
25.91,6.93,90.95,2.21,97.79,3726.76,1.95,0.61,2.05,0.51,1.64,0.49,176.97,0.00,108.88,0.59,4.33,0.00,0.08,0.03,11.03,0.83,682.12,7.74,0.94,2.40,4.43,3.55,1.49,0.25,1.80,5.30,0.82,1.86,2.62,391601097.00,319662801.00,81.63,498.75,22.75,20.66,2.09,
26.03,6.13,91.76,1.95,98.05,3726.65,1.98,0.62,2.07,0.50,1.62,0.48,180.52,0.00,108.54,0.52,4.44,0.00,0.06,0.03,9.44,0.53,682.89,7.28,0.59,2.29,4.41,3.53,1.55,0.21,1.77,4.94,0.47,1.82,2.65,385575793.00,317253110.00,82.28,459.61,22.43,20.55,1.88,
25.89,5.83,92.05,1.77,98.23,3726.67,1.95,0.58,2.03,0.51,1.73,0.49,176.58,0.00,108.36,0.49,4.35,0.00,0.07,0.03,8.87,0.66,683.36,7.48,0.74,2.33,4.43,3.55,1.54,0.22,1.78,5.12,0.63,1.84,2.64,383078985.00,317386354.00,82.85,486.57,22.57,20.54,2.04,
26.08,5.42,92.48,1.60,98.40,3726.65,1.98,0.57,2.06,0.51,1.74,0.49,180.66,0.00,108.18,0.45,4.45,0.00,0.05,0.02,7.86,0.42,683.60,7.16,0.48,2.26,4.44,3.54,1.58,0.20,1.77,4.83,0.36,1.80,2.67,382042703.00,316227243.00,82.77,465.95,22.23,20.47,1.76,
25.79,6.22,91.66,1.93,98.07,3726.57,1.97,0.60,2.06,0.51,1.67,0.48,178.05,0.00,108.59,0.52,4.38,0.00,0.07,0.03,9.21,0.62,682.90,7.41,0.70,2.32,4.41,3.54,1.52,0.23,1.79,5.03,0.59,1.81,2.63,384897765.00,316994314.00,82.36,504.89,22.54,20.54,2.00,
26.07,5.47,92.43,1.64,98.36,3726.74,1.96,0.58,2.04,0.51,1.74,0.49,178.82,0.00,108.21,0.46,4.38,0.00,0.06,0.03,8.40,0.50,683.71,7.30,0.54,2.29,4.46,3.56,1.58,0.20,1.77,4.95,0.43,1.83,2.69,380803519.00,314952019.00,82.71,481.81,22.26,20.43,1.83,
25.86,5.43,92.46,1.62,98.38,3726.73,1.96,0.57,2.04,0.51,1.75,0.49,177.40,0.00,108.15,0.45,4.36,0.00,0.07,0.03,7.92,0.55,683.76,7.31,0.61,2.30,4.43,3.53,1.57,0.20,1.77,4.99,0.49,1.84,2.66,380091995.00,314425571.00,82.72,480.18,22.23,20.41,1.82,
25.89,5.85,92.04,1.76,98.24,3726.71,1.97,0.58,2.06,0.51,1.72,0.48,179.01,0.00,108.34,0.48,4.40,0.00,0.07,0.03,8.76,0.62,683.20,7.39,0.70,2.30,4.40,3.52,1.53,0.22,1.78,5.03,0.58,1.83,2.63,385432091.00,317640719.00,82.41,443.77,22.65,20.67,1.97,
25.94,4.89,93.01,1.40,98.60,3726.66,1.98,0.56,2.06,0.50,1.79,0.49,180.23,0.00,107.95,0.39,4.45,0.00,0.06,0.02,6.63,0.41,684.17,7.10,0.47,2.25,4.40,3.52,1.56,0.20,1.77,4.77,0.35,1.79,2.64,383231379.00,316342212.00,82.55,454.30,22.33,20.49,1.84,
26.00,5.66,92.24,1.73,98.27,3726.67,1.96,0.59,2.05,0.51,1.70,0.49,178.78,0.00,108.39,0.47,4.38,0.00,0.06,0.03,8.38,0.47,683.64,7.24,0.54,2.29,4.43,3.53,1.55,0.21,1.77,4.91,0.43,1.82,2.65,382972138.00,315059635.00,82.27,459.21,22.24,20.40,1.84,
25.88,5.58,92.31,1.68,98.32,3726.75,1.97,0.58,2.05,0.51,1.72,0.49,178.29,0.00,108.25,0.47,4.39,0.00,0.05,0.03,8.32,0.46,683.61,7.18,0.53,2.27,4.39,3.52,1.56,0.21,1.76,4.84,0.39,1.81,2.64,378387868.00,313080918.00,82.74,470.67,22.19,20.34,1.85,
25.91,5.31,92.57,1.54,98.46,3726.68,2.00,0.57,2.08,0.50,1.76,0.48,181.41,0.00,108.39,0.43,4.47,0.00,0.07,0.02,7.64,0.53,682.86,7.39,0.60,2.35,4.46,3.61,1.55,0.26,1.80,4.94,0.47,1.81,2.66,401129060.00,321539254.00,80.16,462.28,22.76,20.80,1.96,
26.16,5.81,92.09,1.73,98.27,3726.69,2.00,0.58,2.09,0.50,1.72,0.48,183.19,0.00,108.35,0.47,4.52,0.00,0.06,0.03,8.34,0.50,682.67,7.30,0.58,2.34,4.39,3.61,1.53,0.30,1.78,4.85,0.46,1.78,2.61,405710950.00,321874986.00,79.34,477.23,22.76,20.91,1.85,
25.83,5.40,92.48,1.54,98.46,3726.70,1.99,0.56,2.07,0.50,1.80,0.48,179.83,0.00,108.01,0.42,4.44,0.00,0.06,0.02,7.27,0.47,683.59,7.19,0.54,2.26,4.41,3.54,1.56,0.20,1.77,4.85,0.42,1.79,2.63,383399798.00,317897785.00,82.92,473.96,22.52,20.62,1.89,
25.91,5.22,92.67,1.49,98.51,3726.64,2.02,0.57,2.10,0.49,1.76,0.48,183.46,0.00,108.13,0.42,4.53,0.00,0.06,0.02,7.40,0.47,683.40,7.17,0.51,2.23,4.42,3.54,1.57,0.20,1.77,4.82,0.40,1.77,2.65,389130575.00,322192106.00,82.80,474.35,22.78,20.91,1.86,
25.98,5.78,92.11,1.77,98.23,3726.62,1.97,0.59,2.06,0.51,1.69,0.49,179.43,0.00,108.42,0.49,4.41,0.00,0.06,0.03,8.87,0.53,683.20,7.35,0.59,2.31,4.44,3.56,1.54,0.23,1.79,4.92,0.47,1.81,2.65,389067632.00,317182887.00,81.52,459.26,22.43,20.55,1.88,
25.72,5.20,92.67,1.51,98.49,3726.71,2.00,0.57,2.08,0.50,1.76,0.48,180.42,0.00,108.12,0.43,4.44,0.00,0.06,0.02,7.39,0.42,683.53,7.18,0.48,2.28,4.44,3.55,1.58,0.20,1.78,4.83,0.36,1.80,2.67,385768969.00,317837486.00,82.39,444.35,22.36,20.54,1.81,
25.91,5.93,91.96,1.78,98.22,3726.77,1.96,0.58,2.05,0.51,1.73,0.49,177.86,0.00,108.34,0.49,4.38,0.00,0.07,0.03,8.72,0.62,683.50,7.50,0.72,2.33,4.48,3.59,1.58,0.22,1.79,5.12,0.59,1.84,2.69,386442389.00,318836092.00,82.51,463.54,22.57,20.62,1.95,
25.88,5.04,92.84,1.44,98.56,3726.75,2.00,0.56,2.08,0.50,1.79,0.48,180.98,0.00,108.15,0.41,4.48,0.00,0.06,0.02,7.18,0.42,684.14,7.14,0.48,2.25,4.44,3.53,1.58,0.18,1.77,4.83,0.35,1.80,2.67,384281086.00,317958239.00,82.74,464.24,22.43,20.60,1.83,
25.98,5.46,92.43,1.70,98.30,3726.62,1.90,0.58,1.98,0.53,1.72,0.50,173.17,0.00,108.25,0.47,4.26,0.00,0.06,0.03,8.15,0.48,684.55,7.26,0.53,2.31,4.43,3.54,1.55,0.22,1.77,4.93,0.43,1.84,2.66,369849256.00,307296383.00,83.09,465.43,21.71,19.88,1.83,
25.90,5.67,92.22,1.68,98.32,3726.71,1.97,0.57,2.05,0.51,1.75,0.49,178.62,0.00,108.25,0.46,4.39,0.00,0.08,0.03,8.04,0.62,683.72,7.43,0.71,2.33,4.40,3.52,1.50,0.22,1.79,5.04,0.60,1.83,2.61,385327623.00,319262286.00,82.85,482.63,22.68,20.64,2.03,
25.79,4.60,93.28,1.24,98.76,3726.65,2.00,0.53,2.08,0.50,1.89,0.48,180.92,0.00,107.84,0.35,4.48,0.00,0.06,0.02,5.99,0.36,684.35,7.04,0.41,2.23,4.43,3.54,1.58,0.19,1.77,4.75,0.30,1.78,2.66,382529039.00,316732987.00,82.80,467.67,22.35,20.56,1.79,
26.03,6.77,91.13,2.20,97.80,3726.76,1.96,0.62,2.06,0.51,1.60,0.49,178.85,0.00,108.73,0.59,4.39,0.00,0.06,0.03,10.63,0.68,682.20,7.48,0.78,2.32,4.38,3.53,1.51,0.23,1.78,5.07,0.65,1.82,2.60,385368638.00,318324006.00,82.60,472.40,22.71,20.68,2.03,
25.96,4.74,93.15,1.31,98.69,3726.83,1.98,0.54,2.06,0.50,1.86,0.49,180.30,0.00,107.92,0.38,4.44,0.00,0.06,0.02,6.40,0.41,684.07,7.11,0.47,2.25,4.42,3.54,1.57,0.20,1.77,4.80,0.36,1.79,2.65,381891545.00,316966916.00,83.00,488.82,22.31,20.51,1.80,
25.85,6.64,91.25,2.10,97.90,3726.72,2.00,0.62,2.10,0.50,1.61,0.48,180.84,0.00,108.72,0.57,4.44,0.00,0.05,0.03,10.16,0.56,682.05,7.29,0.66,2.29,4.38,3.53,1.54,0.22,1.77,4.94,0.53,1.80,2.61,388079924.00,319516133.00,82.33,451.68,22.59,20.70,1.89,
25.82,4.87,93.02,1.32,98.68,3726.70,2.03,0.54,2.10,0.49,1.86,0.48,183.13,0.00,107.96,0.37,4.51,0.00,0.08,0.02,6.64,0.56,683.81,7.34,0.61,2.27,4.47,3.56,1.59,0.19,1.78,5.00,0.49,1.83,2.68,392988373.00,323985049.00,82.44,467.42,23.01,20.98,2.03,
26.19,6.42,91.50,2.00,98.00,3726.73,2.00,0.61,2.10,0.50,1.64,0.48,183.80,0.00,108.56,0.54,4.52,0.00,0.06,0.03,9.75,0.57,681.91,7.20,0.65,2.28,4.30,3.48,1.48,0.24,1.76,4.82,0.52,1.77,2.54,391825192.00,321821002.00,82.13,469.97,22.83,20.93,1.91,
25.81,4.85,93.04,1.29,98.71,3726.65,1.98,0.52,2.06,0.51,1.94,0.49,178.99,0.00,107.87,0.37,4.41,0.00,0.09,0.02,6.55,0.58,684.25,7.41,0.66,2.30,4.47,3.57,1.56,0.21,1.79,5.03,0.55,1.81,2.67,384947453.00,319406392.00,82.97,480.22,22.67,20.65,2.02,
25.88,6.07,91.80,1.92,98.08,3726.78,1.91,0.59,2.00,0.52,1.69,0.50,173.07,0.00,108.55,0.52,4.26,0.00,0.06,0.03,8.96,0.49,683.48,7.27,0.59,2.32,4.39,3.52,1.52,0.23,1.77,4.93,0.47,1.83,2.62,370160888.00,307147551.00,82.98,479.12,21.74,19.90,1.84,
25.92,5.29,92.60,1.53,98.47,3726.77,1.99,0.56,2.07,0.50,1.78,0.48,180.29,0.00,108.12,0.43,4.45,0.00,0.07,0.02,7.66,0.57,684.16,7.36,0.63,2.29,4.45,3.54,1.57,0.19,1.78,5.01,0.51,1.83,2.67,384710754.00,319379806.00,83.02,458.49,22.68,20.77,1.92,
25.79,5.18,92.69,1.53,98.47,3726.81,1.93,0.56,2.00,0.52,1.79,0.50,173.92,0.00,108.15,0.43,4.27,0.00,0.06,0.02,7.52,0.44,684.39,7.23,0.51,2.31,4.45,3.54,1.55,0.21,1.79,4.89,0.39,1.83,2.67,370287568.00,307744692.00,83.11,484.61,21.72,19.92,1.80,
25.90,5.88,92.00,1.75,98.25,3726.74,1.99,0.58,2.08,0.50,1.73,0.48,180.21,0.00,108.31,0.47,4.43,0.00,0.07,0.03,8.48,0.62,683.11,7.37,0.71,2.30,4.37,3.52,1.52,0.23,1.77,5.03,0.61,1.81,2.61,387564047.00,320700525.00,82.75,471.25,22.77,20.79,1.98,
26.01,4.77,93.12,1.37,98.63,3726.80,1.92,0.54,1.99,0.52,1.86,0.50,174.48,0.00,107.81,0.38,4.33,0.00,0.07,0.02,6.46,0.44,685.27,7.20,0.49,2.29,4.41,3.53,1.55,0.22,1.76,4.86,0.39,1.84,2.64,370838771.00,308233427.00,83.12,470.51,21.76,19.93,1.83,
25.84,6.24,91.64,1.91,98.09,3726.71,1.97,0.59,2.07,0.51,1.69,0.48,178.48,0.00,108.54,0.52,4.38,0.00,0.07,0.03,9.25,0.62,682.74,7.45,0.71,2.32,4.43,3.56,1.53,0.23,1.79,5.06,0.60,1.83,2.64,386716160.00,319322489.00,82.57,459.36,22.68,20.70,1.98,
25.99,4.37,93.53,1.16,98.84,3726.75,1.94,0.51,2.01,0.52,1.97,0.50,176.65,0.00,107.75,0.34,4.39,0.00,0.08,0.02,5.82,0.48,685.13,7.28,0.53,2.29,4.45,3.54,1.55,0.21,1.78,4.92,0.42,1.83,2.67,379425732.00,313649777.00,82.66,478.68,22.18,20.32,1.85,
25.93,6.11,91.78,1.83,98.17,3726.71,1.99,0.58,2.08,0.50,1.71,0.48,180.76,0.00,108.39,0.50,4.44,0.00,0.06,0.03,8.72,0.55,682.81,7.27,0.64,2.29,4.38,3.53,1.54,0.22,1.77,4.93,0.51,1.81,2.61,388710552.00,319984062.00,82.32,473.90,22.60,20.67,1.93,
26.02,6.49,91.40,2.01,97.99,3726.76,2.03,0.61,2.13,0.49,1.63,0.47,184.66,0.00,108.57,0.55,4.51,0.00,0.07,0.03,10.05,0.66,682.05,7.45,0.73,2.30,4.43,3.54,1.55,0.20,1.79,5.06,0.60,1.81,2.65,394364174.00,325687496.00,82.59,455.01,23.17,21.11,2.06,
25.81,5.62,92.26,1.69,98.31,3726.69,1.98,0.58,2.06,0.51,1.72,0.48,178.82,0.00,108.41,0.47,4.40,0.00,0.06,0.03,8.17,0.46,683.32,7.19,0.53,2.27,4.40,3.53,1.55,0.21,1.77,4.82,0.40,1.79,2.63,381492460.00,314599070.00,82.47,457.59,22.24,20.37,1.87,
25.98,6.12,91.78,1.94,98.06,3726.59,1.93,0.60,2.02,0.52,1.67,0.50,175.56,0.00,108.54,0.52,4.30,0.00,0.07,0.03,9.32,0.61,683.25,7.45,0.70,2.33,4.44,3.56,1.56,0.22,1.78,5.08,0.57,1.85,2.66,379733185.00,313083471.00,82.45,463.03,22.23,20.31,1.92,
26.04,5.70,92.20,1.73,98.27,3726.71,1.99,0.59,2.08,0.50,1.70,0.48,181.49,0.00,108.29,0.48,4.47,0.00,0.06,0.03,8.28,0.47,683.26,7.19,0.53,2.26,4.40,3.54,1.57,0.21,1.76,4.87,0.41,1.81,2.64,386468649.00,317954291.00,82.27,468.79,22.49,20.65,1.84,
25.78,6.19,91.68,1.89,98.11,3726.67,1.98,0.59,2.07,0.50,1.69,0.48,178.79,0.00,108.51,0.51,4.39,0.00,0.07,0.03,9.30,0.66,682.85,7.52,0.74,2.31,4.44,3.56,1.54,0.22,1.80,5.08,0.61,1.83,2.64,387413857.00,319656099.00,82.51,461.24,22.74,20.65,2.08,
25.85,5.44,92.44,1.63,98.37,3726.72,1.99,0.58,2.07,0.50,1.71,0.48,179.85,0.00,108.24,0.45,4.42,0.00,0.05,0.03,8.12,0.44,683.33,7.18,0.51,2.26,4.43,3.52,1.56,0.19,1.77,4.84,0.38,1.81,2.66,381091576.00,316101828.00,82.95,456.92,22.28,20.49,1.80,
25.89,4.71,93.17,1.24,98.76,3726.74,2.04,0.53,2.11,0.49,1.90,0.47,184.68,0.00,107.82,0.36,4.56,0.00,0.08,0.02,6.21,0.47,683.80,7.24,0.53,2.26,4.48,3.56,1.59,0.18,1.79,4.94,0.44,1.81,2.69,391585822.00,324088609.00,82.76,446.52,22.92,21.01,1.90,
25.91,4.96,92.93,1.42,98.58,3726.55,2.00,0.56,2.07,0.50,1.79,0.48,181.04,0.00,108.00,0.40,4.47,0.00,0.06,0.02,7.17,0.42,683.88,7.13,0.48,2.24,4.41,3.52,1.54,0.20,1.77,4.79,0.36,1.78,2.64,382383070.00,316823548.00,82.86,474.49,22.37,20.52,1.85,
25.96,5.40,92.49,1.59,98.41,3726.69,1.99,0.57,2.07,0.50,1.74,0.48,181.03,0.00,108.21,0.45,4.44,0.00,0.06,0.02,7.79,0.43,683.58,7.19,0.51,2.27,4.43,3.53,1.57,0.20,1.77,4.85,0.39,1.80,2.66,383825871.00,317364733.00,82.68,446.24,22.36,20.55,1.81,
26.01,5.15,92.75,1.50,98.50,3726.77,1.94,0.55,2.02,0.52,1.81,0.50,176.66,0.00,108.10,0.42,4.35,0.00,0.07,0.02,7.36,0.48,684.08,7.19,0.55,2.28,4.37,3.52,1.51,0.24,1.77,4.82,0.43,1.79,2.60,376752342.00,311359994.00,82.64,464.10,22.00,20.19,1.81,
25.73,5.63,92.24,1.72,98.28,3726.70,1.97,0.59,2.05,0.51,1.70,0.49,177.15,0.00,108.42,0.47,4.36,0.00,0.06,0.03,8.45,0.48,683.64,7.24,0.55,2.29,4.42,3.53,1.54,0.21,1.77,4.89,0.43,1.81,2.64,379750140.00,312775990.00,82.36,450.10,22.28,20.38,1.91,
25.91,5.60,92.29,1.62,98.38,3726.74,2.00,0.57,2.09,0.50,1.76,0.48,181.60,0.00,108.23,0.46,4.46,0.00,0.07,0.03,7.97,0.58,683.05,7.39,0.67,2.29,4.45,3.56,1.56,0.21,1.80,5.02,0.56,1.81,2.65,389077069.00,320999886.00,82.50,467.06,22.74,20.79,1.95,
25.95,5.50,92.38,1.60,98.40,3726.73,2.00,0.57,2.09,0.50,1.75,0.48,181.86,0.00,108.19,0.45,4.49,0.00,0.06,0.03,8.11,0.51,683.31,7.22,0.56,2.27,4.40,3.52,1.55,0.21,1.77,4.86,0.43,1.80,2.63,387469320.00,320037650.00,82.60,485.45,22.48,20.64,1.84,
26.00,5.34,92.55,1.52,98.48,3726.76,2.01,0.56,2.09,0.50,1.79,0.48,183.04,0.00,108.07,0.42,4.49,0.00,0.07,0.02,7.33,0.50,683.31,7.24,0.58,2.25,4.42,3.55,1.56,0.21,1.78,4.90,0.48,1.78,2.64,390856776.00,323326471.00,82.72,482.66,22.82,20.93,1.90,
26.01,5.60,92.30,1.66,98.34,3726.73,1.96,0.57,2.05,0.51,1.76,0.49,178.96,0.00,108.48,0.46,4.39,0.00,0.08,0.03,8.12,0.65,682.99,7.51,0.75,2.38,4.43,3.59,1.54,0.26,1.79,5.12,0.63,1.85,2.64,392780184.00,317935480.00,80.94,492.73,22.62,20.59,2.03,
26.07,4.87,93.03,1.37,98.63,3726.77,1.99,0.55,2.06,0.50,1.83,0.48,181.38,0.00,107.97,0.39,4.48,0.00,0.07,0.02,6.60,0.45,684.00,7.35,0.51,2.36,4.48,3.66,1.57,0.28,1.80,4.90,0.40,1.81,2.68,405620526.00,319164605.00,78.69,461.42,22.54,20.67,1.86,
25.86,5.89,91.99,1.84,98.16,3726.74,1.90,0.58,1.98,0.53,1.72,0.51,171.66,0.00,108.55,0.49,4.22,0.00,0.06,0.03,8.71,0.56,683.73,7.37,0.65,2.36,4.40,3.53,1.49,0.25,1.79,4.98,0.52,1.84,2.62,373024624.00,306940498.00,82.28,456.30,21.76,19.89,1.87,
26.08,4.56,93.34,1.21,98.79,3726.63,2.01,0.52,2.08,0.50,1.92,0.48,183.78,0.00,108.00,0.35,4.53,0.00,0.06,0.02,5.85,0.37,683.67,7.26,0.44,2.34,4.48,3.68,1.58,0.30,1.79,4.80,0.33,1.79,2.68,412738792.00,320962435.00,77.76,445.54,22.63,20.84,1.79,
25.81,5.58,92.30,1.65,98.35,3726.76,2.00,0.58,2.08,0.50,1.73,0.48,180.47,0.00,108.20,0.45,4.43,0.00,0.07,0.03,8.18,0.53,682.90,7.29,0.60,2.28,4.44,3.56,1.56,0.21,1.79,4.91,0.48,1.79,2.65,387117832.00,319305418.00,82.48,463.73,22.65,20.75,1.91,
26.02,5.72,92.17,1.79,98.21,3726.66,1.93,0.59,2.01,0.52,1.69,0.50,175.74,0.00,108.36,0.50,4.32,0.00,0.06,0.03,9.08,0.51,683.57,7.26,0.58,2.31,4.37,3.51,1.49,0.25,1.78,4.86,0.46,1.81,2.59,375689548.00,309595210.00,82.41,472.65,22.00,20.10,1.90,
25.82,4.59,93.30,1.21,98.79,3726.69,2.01,0.52,2.09,0.50,1.92,0.48,182.07,0.00,107.85,0.35,4.50,0.00,0.08,0.02,6.14,0.48,684.39,7.20,0.54,2.26,4.42,3.54,1.58,0.20,1.76,4.88,0.42,1.80,2.66,388059401.00,321537768.00,82.86,452.90,22.65,20.81,1.84,
26.10,6.50,91.40,2.08,97.92,3726.69,1.94,0.61,2.04,0.51,1.64,0.49,177.77,0.00,108.92,0.56,4.33,0.00,0.05,0.03,10.06,0.55,682.02,7.37,0.63,2.34,4.39,3.56,1.53,0.26,1.77,4.95,0.50,1.83,2.62,387894879.00,312018534.00,80.44,450.98,22.08,20.20,1.88,
26.05,4.45,93.45,1.18,98.82,3726.69,2.02,0.52,2.09,0.50,1.91,0.48,183.99,0.00,108.34,0.35,4.52,0.00,0.06,0.02,5.80,0.38,683.17,7.38,0.43,2.42,4.56,3.70,1.60,0.29,1.81,4.91,0.30,1.86,2.75,414798326.00,321820051.00,77.58,462.82,22.61,20.83,1.78,
26.07,6.40,91.50,1.97,98.03,3726.66,1.98,0.59,2.07,0.51,1.68,0.48,180.46,0.00,108.46,0.53,4.43,0.00,0.08,0.03,9.61,0.72,682.15,7.56,0.85,2.35,4.41,3.55,1.54,0.23,1.79,5.17,0.72,1.83,2.62,391525730.00,323157707.00,82.54,461.55,22.94,20.88,2.06,
25.79,5.89,91.99,1.76,98.24,3726.61,1.99,0.58,2.08,0.50,1.71,0.48,180.01,0.00,108.45,0.48,4.42,0.00,0.06,0.03,8.70,0.56,682.69,7.37,0.64,2.31,4.42,3.56,1.54,0.23,1.79,4.97,0.53,1.81,2.63,389431863.00,317502449.00,81.53,467.45,22.47,20.53,1.93,
26.05,5.67,92.22,1.68,98.32,3726.70,1.93,0.56,2.01,0.52,1.79,0.50,175.83,0.00,108.15,0.45,4.34,0.00,0.08,0.03,8.15,0.67,683.93,7.56,0.74,2.35,4.47,3.55,1.54,0.21,1.79,5.21,0.64,1.89,2.68,378574377.00,314610201.00,83.10,479.47,22.40,20.34,2.06,
25.91,6.30,91.59,2.02,97.98,3726.62,1.96,0.61,2.05,0.51,1.63,0.49,177.98,0.00,108.68,0.55,4.37,0.00,0.05,0.03,9.89,0.49,682.43,7.18,0.57,2.29,4.35,3.50,1.52,0.22,1.76,4.82,0.43,1.80,2.60,380066114.00,313452892.00,82.47,444.23,22.20,20.39,1.81,
25.92,4.45,93.43,1.20,98.80,3726.65,1.98,0.52,2.05,0.50,1.91,0.49,179.87,0.00,107.71,0.35,4.47,0.00,0.07,0.02,5.87,0.39,684.53,7.11,0.46,2.25,4.43,3.55,1.60,0.19,1.76,4.82,0.34,1.81,2.67,380435859.00,315666805.00,82.98,468.74,22.19,20.40,1.79,
25.80,6.25,91.62,1.92,98.08,3726.73,1.99,0.60,2.08,0.50,1.67,0.48,179.71,0.00,108.59,0.52,4.39,0.00,0.05,0.03,9.61,0.50,682.45,7.23,0.55,2.26,4.42,3.54,1.55,0.20,1.78,4.87,0.43,1.80,2.64,382976964.00,316231395.00,82.57,448.55,22.34,20.47,1.86,
26.07,5.01,92.89,1.41,98.59,3726.75,2.01,0.55,2.09,0.50,1.81,0.48,183.30,0.00,107.86,0.40,4.51,0.00,0.07,0.02,6.88,0.46,683.66,7.22,0.54,2.25,4.45,3.56,1.60,0.19,1.77,4.90,0.43,1.79,2.68,387001935.00,320922858.00,82.93,459.19,22.66,20.83,1.83,
25.73,5.08,92.79,1.43,98.57,3726.72,1.99,0.55,2.07,0.50,1.82,0.48,179.43,0.00,108.03,0.40,4.41,0.00,0.06,0.02,6.95,0.39,683.64,7.11,0.44,2.24,4.45,3.55,1.59,0.20,1.77,4.79,0.32,1.80,2.68,381938248.00,315757180.00,82.67,452.19,22.24,20.45,1.79,
26.03,5.74,92.16,1.74,98.26,3726.51,1.97,0.58,2.06,0.51,1.71,0.49,179.52,0.00,108.26,0.47,4.42,0.00,0.07,0.03,8.32,0.57,683.50,7.32,0.65,2.30,4.41,3.53,1.55,0.21,1.77,5.01,0.54,1.83,2.64,384282527.00,317170156.00,82.54,439.75,22.50,20.58,1.92,
25.78,5.20,92.68,1.43,98.57,3726.62,1.98,0.53,2.06,0.51,1.89,0.49,178.57,0.00,107.98,0.39,4.41,0.00,0.07,0.02,6.73,0.48,683.93,7.27,0.56,2.29,4.43,3.55,1.56,0.21,1.78,4.89,0.44,1.81,2.65,382609425.00,316983538.00,82.85,470.86,22.47,20.54,1.92,
26.06,5.36,92.54,1.64,98.36,3726.75,1.92,0.58,2.00,0.52,1.74,0.50,175.31,0.00,108.22,0.46,4.32,0.00,0.05,0.03,8.19,0.45,684.04,7.21,0.53,2.29,4.42,3.53,1.56,0.21,1.76,4.88,0.40,1.82,2.66,372640489.00,309352213.00,83.02,468.24,21.82,20.05,1.77,
25.83,4.71,93.17,1.29,98.71,3726.73,1.99,0.54,2.07,0.50,1.87,0.48,180.34,0.00,107.86,0.37,4.45,0.00,0.07,0.02,6.41,0.46,684.41,7.25,0.52,2.26,4.47,3.55,1.58,0.19,1.78,4.92,0.41,1.81,2.69,383733612.00,319211893.00,83.19,456.09,22.51,20.63,1.88,
25.76,5.93,91.94,1.80,98.20,3726.44,2.01,0.60,2.11,0.50,1.67,0.47,181.64,0.00,108.53,0.50,4.47,0.00,0.05,0.03,8.66,0.46,682.88,7.17,0.50,2.26,4.42,3.53,1.56,0.20,1.77,4.81,0.38,1.79,2.64,385970563.00,319453013.00,82.77,442.25,22.52,20.69,1.83,
25.97,5.36,92.53,1.57,98.43,3726.51,1.97,0.56,2.05,0.51,1.77,0.49,179.26,0.00,108.08,0.43,4.43,0.00,0.07,0.02,7.56,0.54,683.90,7.29,0.60,2.28,4.42,3.54,1.57,0.20,1.77,4.94,0.49,1.81,2.65,383273647.00,317533208.00,82.85,470.81,22.54,20.61,1.93,
26.04,6.30,91.60,2.07,97.93,3726.69,1.95,0.63,2.04,0.51,1.59,0.49,178.14,0.00,108.70,0.57,4.36,0.00,0.05,0.03,10.33,0.48,682.40,7.17,0.54,2.27,4.37,3.51,1.53,0.22,1.76,4.86,0.44,1.81,2.61,378368302.00,312564731.00,82.61,442.06,22.15,20.32,1.83,
25.77,4.96,92.92,1.38,98.62,3726.74,2.00,0.54,2.07,0.50,1.84,0.48,180.25,0.00,107.98,0.39,4.46,0.00,0.06,0.02,6.93,0.44,683.90,7.10,0.50,2.25,4.39,3.51,1.56,0.20,1.75,4.81,0.38,1.80,2.63,383076015.00,317715675.00,82.94,449.31,22.30,20.51,1.80,
25.77,5.32,92.56,1.57,98.43,3726.70,1.99,0.57,2.07,0.50,1.74,0.48,179.18,0.00,108.10,0.43,4.42,0.00,0.06,0.02,7.70,0.46,683.62,7.27,0.52,2.27,4.48,3.56,1.59,0.19,1.78,4.91,0.41,1.80,2.70,381661238.00,316307283.00,82.88,432.07,22.37,20.52,1.85,
26.02,5.23,92.66,1.52,98.48,3726.78,1.99,0.57,2.07,0.50,1.77,0.48,181.49,0.00,108.03,0.42,4.47,0.00,0.06,0.02,7.40,0.42,683.55,7.11,0.48,2.25,4.41,3.52,1.55,0.21,1.77,4.79,0.37,1.78,2.64,384250144.00,317727181.00,82.69,448.51,22.39,20.60,1.79,
25.88,5.89,92.00,1.81,98.19,3726.75,1.98,0.60,2.07,0.51,1.68,0.48,179.20,0.00,108.44,0.51,4.41,0.00,0.06,0.03,8.86,0.56,683.07,7.33,0.65,2.29,4.41,3.53,1.53,0.22,1.78,4.97,0.52,1.81,2.63,383286042.00,316918048.00,82.68,444.61,22.47,20.55,1.92,
25.83,5.64,92.25,1.64,98.36,3726.51,1.97,0.56,2.06,0.51,1.78,0.49,178.14,0.00,108.19,0.44,4.39,0.00,0.06,0.02,7.76,0.46,683.52,7.17,0.54,2.26,4.40,3.54,1.57,0.21,1.76,4.87,0.42,1.81,2.64,381056455.00,315061992.00,82.68,453.37,22.15,20.34,1.81,
25.86,5.40,92.48,1.55,98.45,3726.67,2.07,0.58,2.16,0.48,1.72,0.46,187.51,0.00,108.07,0.42,4.64,0.00,0.06,0.02,7.33,0.43,682.76,7.13,0.48,2.19,4.45,3.57,1.61,0.19,1.78,4.80,0.36,1.76,2.68,398366141.00,328033326.00,82.34,457.12,23.07,21.20,1.87,
25.82,5.14,92.75,1.52,98.48,3726.68,1.96,0.57,2.03,0.51,1.77,0.49,176.88,0.00,108.13,0.43,4.37,0.00,0.06,0.02,7.63,0.44,684.05,7.14,0.50,2.26,4.39,3.51,1.54,0.21,1.76,4.81,0.38,1.81,2.63,374801624.00,311125059.00,83.01,466.08,21.95,20.16,1.79,
26.00,7.29,90.60,2.32,97.68,3726.66,2.00,0.62,2.11,0.50,1.60,0.47,182.26,0.00,108.92,0.61,4.45,0.00,0.07,0.03,11.00,0.80,681.43,7.63,0.92,2.35,4.40,3.53,1.52,0.22,1.79,5.27,0.81,1.85,2.61,394990614.00,324173739.00,82.07,448.66,23.15,21.06,2.08,
25.80,4.72,93.17,1.32,98.68,3726.70,1.95,0.53,2.03,0.51,1.87,0.49,176.56,0.00,107.84,0.37,4.38,0.00,0.07,0.02,6.47,0.47,684.69,7.23,0.53,2.28,4.44,3.53,1.55,0.20,1.78,4.92,0.42,1.83,2.67,375044487.00,312137283.00,83.23,476.46,22.18,20.24,1.94,
26.01,5.95,91.95,1.84,98.16,3726.60,1.94,0.59,2.03,0.51,1.70,0.49,177.04,0.00,108.42,0.51,4.35,0.00,0.06,0.03,8.89,0.52,683.29,7.32,0.61,2.31,4.43,3.54,1.55,0.21,1.78,4.98,0.49,1.85,2.65,378085281.00,313223212.00,82.84,452.03,22.11,20.30,1.82,
26.00,5.18,92.72,1.49,98.51,3726.72,1.99,0.56,2.07,0.50,1.78,0.48,180.90,0.00,108.16,0.43,4.47,0.00,0.06,0.02,7.59,0.48,683.58,7.20,0.53,2.26,4.43,3.54,1.57,0.19,1.78,4.90,0.43,1.81,2.65,385115685.00,318876680.00,82.80,441.92,22.52,20.64,1.89,
25.78,5.56,92.32,1.60,98.40,3726.60,2.00,0.56,2.09,0.50,1.78,0.48,180.70,0.00,108.17,0.44,4.47,0.00,0.07,0.02,7.56,0.56,683.36,7.34,0.65,2.29,4.43,3.55,1.57,0.20,1.78,5.00,0.52,1.82,2.66,386721041.00,320002292.00,82.75,486.04,22.57,20.66,1.91,
25.91,6.93,90.95,2.28,97.72,3726.76,1.94,0.63,2.04,0.52,1.60,0.49,176.07,0.00,108.93,0.61,4.29,0.00,0.06,0.03,11.11,0.64,682.21,7.50,0.76,2.34,4.43,3.54,1.54,0.22,1.78,5.17,0.65,1.87,2.65,378782667.00,312962495.00,82.62,439.57,22.35,20.35,2.00,
26.00,4.16,93.74,1.06,98.94,3726.62,2.04,0.51,2.11,0.49,1.97,0.47,185.62,0.00,107.54,0.31,4.60,0.00,0.07,0.02,5.24,0.35,684.21,6.96,0.40,2.20,4.40,3.53,1.60,0.18,1.75,4.68,0.29,1.74,2.65,390471588.00,323777047.00,82.92,490.27,22.77,20.96,1.80,
25.84,6.68,91.20,2.11,97.89,3726.74,1.98,0.61,2.08,0.51,1.63,0.48,179.13,0.00,108.84,0.59,4.37,0.00,0.05,0.03,10.52,0.57,681.90,7.35,0.65,2.32,4.41,3.56,1.54,0.24,1.79,4.96,0.53,1.81,2.63,386836865.00,317903163.00,82.18,452.95,22.52,20.58,1.94,
25.89,4.98,92.91,1.44,98.56,3726.75,1.98,0.56,2.06,0.51,1.78,0.49,179.53,0.00,108.03,0.41,4.43,0.00,0.06,0.02,7.32,0.42,684.16,7.15,0.46,2.25,4.41,3.53,1.56,0.21,1.77,4.79,0.35,1.80,2.64,377918165.00,311831698.00,82.51,442.61,22.02,20.25,1.77,
25.97,6.18,91.71,1.90,98.10,3726.64,1.96,0.59,2.05,0.51,1.69,0.49,178.45,0.00,108.49,0.51,4.37,0.00,0.07,0.03,8.91,0.60,682.74,7.36,0.70,2.29,4.38,3.53,1.52,0.23,1.77,5.00,0.58,1.81,2.60,385225973.00,318883557.00,82.78,466.51,22.67,20.70,1.97,
25.86,5.24,92.64,1.55,98.45,3726.56,1.99,0.57,2.07,0.50,1.74,0.48,179.82,0.00,108.14,0.44,4.43,0.00,0.06,0.02,7.81,0.44,683.72,7.14,0.50,2.27,4.39,3.52,1.57,0.20,1.76,4.79,0.36,1.80,2.63,379921586.00,314305928.00,82.73,455.90,22.22,20.39,1.83,
25.93,5.56,92.34,1.65,98.35,3726.51,1.97,0.57,2.05,0.51,1.75,0.49,178.84,0.00,108.32,0.46,4.40,0.00,0.06,0.03,8.01,0.46,683.51,7.16,0.53,2.28,4.38,3.52,1.54,0.21,1.77,4.82,0.41,1.80,2.61,382561438.00,314576272.00,82.23,477.22,22.22,20.42,1.80,
26.05,6.25,91.65,1.89,98.11,3726.73,1.97,0.58,2.07,0.51,1.71,0.48,180.21,0.00,108.42,0.51,4.43,0.00,0.07,0.03,9.22,0.63,682.99,7.44,0.73,2.32,4.41,3.55,1.55,0.23,1.78,5.05,0.60,1.82,2.63,387573600.00,318957031.00,82.30,477.31,22.68,20.66,2.02,
25.76,5.20,92.67,1.46,98.54,3726.71,2.02,0.55,2.10,0.50,1.81,0.48,182.15,0.00,108.07,0.41,4.49,0.00,0.06,0.02,7.09,0.45,683.47,7.13,0.51,2.24,4.41,3.54,1.58,0.19,1.77,4.81,0.38,1.78,2.65,386634961.00,319922907.00,82.75,456.73,22.57,20.72,1.85,
25.98,6.56,91.33,2.08,97.92,3726.57,1.97,0.61,2.07,0.51,1.64,0.48,179.03,0.00,108.71,0.57,4.38,0.00,0.07,0.03,10.34,0.68,682.48,7.51,0.77,2.33,4.42,3.53,1.53,0.22,1.78,5.13,0.65,1.85,2.64,385577036.00,318322350.00,82.56,461.70,22.72,20.67,2.05,
25.96,4.43,93.46,1.18,98.82,3726.77,2.00,0.52,2.07,0.50,1.92,0.48,182.16,0.00,107.71,0.34,4.50,0.00,0.06,0.02,5.62,0.35,684.34,7.11,0.41,2.22,4.49,3.59,1.62,0.18,1.79,4.79,0.31,1.78,2.70,385429923.00,320526199.00,83.16,478.44,22.58,20.77,1.81,
25.82,6.71,91.17,2.04,97.96,3726.47,2.03,0.61,2.13,0.49,1.65,0.47,183.42,0.00,108.78,0.56,4.47,0.00,0.07,0.03,10.17,0.72,681.76,7.59,0.83,2.32,4.46,3.57,1.55,0.22,1.80,5.19,0.70,1.83,2.66,397941713.00,325429565.00,81.78,440.45,23.23,21.12,2.11,
26.05,5.09,92.81,1.47,98.53,3726.53,1.97,0.56,2.05,0.51,1.80,0.49,179.59,0.00,108.01,0.42,4.44,0.00,0.07,0.02,7.30,0.48,684.18,7.23,0.52,2.27,4.42,3.53,1.56,0.20,1.77,4.86,0.40,1.80,2.65,380525860.00,316109785.00,83.07,469.11,22.30,20.42,1.88,
25.88,5.68,92.20,1.71,98.29,3726.77,1.95,0.57,2.03,0.51,1.74,0.49,176.71,0.00,108.30,0.47,4.36,0.00,0.05,0.03,8.37,0.45,683.58,7.17,0.53,2.27,4.39,3.53,1.55,0.22,1.77,4.83,0.41,1.80,2.62,375842651.00,311638818.00,82.92,496.11,21.99,20.19,1.80,
25.99,5.94,91.96,1.84,98.16,3726.76,1.99,0.60,2.08,0.50,1.66,0.48,180.78,0.00,108.53,0.51,4.43,0.00,0.05,0.03,8.92,0.48,683.03,7.18,0.55,2.27,4.38,3.51,1.53,0.21,1.77,4.84,0.43,1.80,2.61,383847394.00,316526747.00,82.46,457.72,22.32,20.49,1.83,
25.99,4.61,93.29,1.25,98.75,3726.76,1.95,0.52,2.02,0.51,1.93,0.50,177.20,0.00,108.09,0.36,4.39,0.00,0.07,0.02,6.10,0.42,684.06,7.38,0.48,2.42,4.50,3.69,1.58,0.32,1.80,4.90,0.35,1.84,2.71,403668232.00,312055395.00,77.30,482.55,22.08,20.24,1.83,
25.93,6.24,91.65,1.91,98.09,3726.64,1.99,0.60,2.08,0.50,1.68,0.48,180.64,0.00,108.60,0.52,4.44,0.00,0.05,0.03,9.29,0.50,682.51,7.26,0.59,2.28,4.41,3.54,1.54,0.22,1.78,4.89,0.47,1.79,2.63,388333931.00,319000489.00,82.15,435.39,22.47,20.62,1.86,
25.94,4.52,93.38,1.16,98.84,3726.47,2.08,0.52,2.15,0.48,1.91,0.46,188.67,0.00,107.72,0.33,4.65,0.00,0.07,0.02,5.75,0.40,683.76,7.11,0.45,2.22,4.44,3.56,1.61,0.18,1.77,4.80,0.36,1.76,2.67,399646055.00,328119906.00,82.10,432.41,23.23,21.32,1.90,
25.73,6.19,91.69,1.95,98.05,3726.44,1.97,0.61,2.06,0.51,1.64,0.48,177.64,0.00,108.58,0.53,4.36,0.00,0.06,0.03,9.51,0.57,682.66,7.43,0.67,2.31,4.47,3.58,1.56,0.22,1.79,5.04,0.54,1.82,2.68,385113699.00,315904764.00,82.03,447.94,22.34,20.42,1.92,
26.04,5.20,92.70,1.52,98.48,3726.68,1.98,0.57,2.06,0.50,1.76,0.48,180.93,0.00,108.17,0.43,4.45,0.00,0.05,0.02,7.41,0.39,683.64,7.05,0.46,2.25,4.38,3.51,1.54,0.21,1.76,4.73,0.33,1.78,2.62,381882465.00,316653428.00,82.92,448.06,22.26,20.48,1.77,
25.84,4.98,92.90,1.33,98.67,3726.68,2.02,0.53,2.10,0.49,1.89,0.48,182.78,0.00,107.88,0.37,4.51,0.00,0.07,0.02,6.49,0.45,683.83,7.24,0.52,2.27,4.46,3.58,1.60,0.20,1.78,4.87,0.39,1.80,2.68,393090112.00,323415730.00,82.28,446.26,22.79,20.92,1.86,
25.84,4.57,93.31,1.23,98.77,3726.70,2.00,0.53,2.07,0.50,1.89,0.48,181.02,0.00,107.80,0.35,4.48,0.00,0.06,0.02,6.02,0.38,684.25,7.07,0.44,2.24,4.41,3.54,1.58,0.20,1.76,4.77,0.33,1.79,2.65,382869664.00,318236185.00,83.12,451.36,22.37,20.54,1.83,
25.89,6.49,91.39,2.01,97.99,3726.71,1.94,0.59,2.04,0.51,1.70,0.49,176.22,0.00,108.63,0.54,4.33,0.00,0.07,0.03,9.65,0.70,682.97,7.53,0.80,2.36,4.39,3.55,1.52,0.26,1.77,5.15,0.67,1.87,2.62,384334606.00,315370434.00,82.06,479.46,22.40,20.38,2.02,
25.89,4.24,93.65,1.13,98.87,3726.72,1.96,0.51,2.02,0.51,1.96,0.49,177.60,0.00,107.70,0.33,4.40,0.00,0.07,0.02,5.54,0.38,685.17,7.21,0.43,2.28,4.51,3.59,1.60,0.20,1.79,4.86,0.32,1.82,2.72,379459730.00,313590287.00,82.64,454.42,22.02,20.24,1.79,
26.10,6.55,91.36,2.06,97.94,3726.74,1.92,0.59,2.02,0.52,1.69,0.50,175.78,0.00,108.63,0.55,4.31,0.00,0.07,0.03,9.67,0.67,682.80,7.44,0.76,2.34,4.37,3.52,1.49,0.25,1.78,5.10,0.65,1.85,2.59,379001669.00,314265539.00,82.92,470.28,22.26,20.28,1.98,
25.98,5.49,92.41,1.55,98.45,3726.64,1.99,0.55,2.07,0.50,1.82,0.48,180.72,0.00,108.20,0.43,4.43,0.00,0.07,0.02,7.39,0.51,683.70,7.25,0.59,2.27,4.41,3.53,1.54,0.22,1.77,4.92,0.48,1.80,2.64,384733383.00,318812342.00,82.87,466.58,22.57,20.67,1.90,
25.84,6.20,91.68,1.93,98.07,3726.56,1.96,0.60,2.05,0.51,1.67,0.49,177.26,0.00,108.57,0.53,4.33,0.00,0.06,0.03,9.30,0.54,682.69,7.28,0.64,2.30,4.37,3.51,1.51,0.23,1.77,4.94,0.53,1.81,2.60,379215347.00,312853921.00,82.50,462.88,22.10,20.21,1.89,
26.13,4.98,92.92,1.39,98.61,3726.67,1.99,0.54,2.06,0.50,1.84,0.48,181.78,0.00,107.93,0.40,4.49,0.00,0.07,0.02,7.04,0.48,683.84,7.24,0.53,2.27,4.46,3.57,1.59,0.20,1.78,4.90,0.42,1.80,2.68,387842653.00,320908196.00,82.74,455.70,22.65,20.80,1.84,
25.84,5.04,92.85,1.41,98.59,3726.64,1.98,0.54,2.06,0.51,1.84,0.49,179.10,0.00,107.95,0.39,4.41,0.00,0.06,0.02,6.76,0.39,683.78,7.07,0.46,2.25,4.39,3.52,1.56,0.20,1.76,4.77,0.34,1.80,2.63,378268950.00,313118174.00,82.78,452.57,22.07,20.29,1.78,
25.96,5.54,92.35,1.63,98.37,3726.74,1.94,0.56,2.02,0.52,1.79,0.49,176.35,0.00,108.34,0.46,4.32,0.00,0.06,0.03,8.11,0.52,683.80,7.28,0.57,2.32,4.42,3.53,1.54,0.21,1.78,4.91,0.44,1.83,2.65,377220732.00,312649425.00,82.88,494.16,22.07,20.25,1.82,
25.79,5.33,92.55,1.54,98.46,3726.67,1.99,0.56,2.07,0.50,1.78,0.48,179.75,0.00,108.16,0.43,4.43,0.00,0.06,0.02,7.61,0.49,683.74,7.27,0.54,2.27,4.45,3.54,1.57,0.20,1.78,4.93,0.43,1.82,2.68,383459735.00,317524467.00,82.81,461.25,22.42,20.53,1.89,
25.95,5.11,92.78,1.48,98.52,3726.60,1.96,0.56,2.04,0.51,1.80,0.49,178.09,0.00,108.15,0.43,4.39,0.00,0.06,0.02,7.35,0.43,683.83,7.17,0.49,2.27,4.42,3.54,1.54,0.22,1.78,4.82,0.38,1.79,2.64,379815827.00,314420502.00,82.78,485.04,22.14,20.36,1.79,
25.94,6.74,91.14,2.23,97.77,3726.68,1.93,0.63,2.03,0.52,1.60,0.49,175.27,0.00,108.89,0.60,4.28,0.00,0.06,0.03,10.89,0.61,682.58,7.38,0.68,2.33,4.38,3.52,1.51,0.24,1.77,5.01,0.57,1.84,2.61,376211927.00,310628920.00,82.57,444.76,22.05,20.15,1.90,
26.12,3.86,94.04,0.98,99.02,3726.54,1.96,0.49,2.02,0.51,2.06,0.50,178.92,0.00,107.44,0.29,4.44,0.00,0.08,0.02,4.91,0.37,685.37,7.14,0.43,2.26,4.47,3.55,1.59,0.19,1.78,4.81,0.31,1.81,2.69,378030819.00,314590265.00,83.22,462.85,22.14,20.33,1.81,
25.86,6.48,91.40,1.99,98.01,3726.38,1.97,0.59,2.07,0.51,1.69,0.48,178.35,0.00,108.67,0.53,4.37,0.00,0.06,0.03,9.60,0.55,682.64,7.31,0.61,2.28,4.43,3.55,1.56,0.21,1.78,4.93,0.47,1.81,2.65,382339403.00,315498924.00,82.52,451.21,22.29,20.45,1.85,
25.85,4.07,93.81,1.00,99.00,3726.78,1.97,0.47,2.04,0.51,2.11,0.49,178.68,0.00,107.49,0.29,4.43,0.00,0.07,0.02,4.86,0.35,685.47,7.05,0.39,2.24,4.42,3.53,1.56,0.20,1.77,4.72,0.28,1.78,2.66,378153324.00,313068038.00,82.79,464.59,21.95,20.18,1.77,
26.02,6.19,91.70,1.96,98.04,3726.77,1.92,0.59,2.01,0.52,1.68,0.50,174.65,0.00,108.53,0.53,4.28,0.00,0.06,0.03,9.41,0.52,683.55,7.32,0.61,2.32,4.42,3.54,1.55,0.22,1.77,4.94,0.45,1.83,2.66,372715995.00,309641918.00,83.08,473.35,21.90,20.09,1.81,
25.79,5.36,92.51,1.54,98.46,3726.74,2.01,0.57,2.10,0.50,1.76,0.48,181.89,0.00,108.20,0.43,4.47,0.00,0.06,0.02,7.70,0.44,683.34,7.12,0.48,2.23,4.42,3.53,1.58,0.18,1.77,4.81,0.37,1.79,2.65,385771393.00,319688952.00,82.87,437.77,22.54,20.66,1.88,
25.85,4.26,93.63,1.07,98.93,3726.41,2.01,0.49,2.07,0.50,2.03,0.48,181.58,0.00,107.52,0.31,4.51,0.00,0.07,0.02,5.12,0.36,684.68,7.08,0.41,2.23,4.46,3.56,1.61,0.18,1.77,4.78,0.30,1.79,2.69,383129096.00,318313097.00,83.08,452.66,22.45,20.65,1.80,
26.10,6.46,91.44,2.06,97.94,3726.42,1.96,0.61,2.06,0.51,1.63,0.49,179.15,0.00,108.74,0.56,4.37,0.00,0.06,0.03,10.16,0.58,682.48,7.28,0.63,2.30,4.34,3.50,1.51,0.23,1.76,4.93,0.54,1.81,2.58,382339832.00,315569807.00,82.54,463.92,22.41,20.47,1.93,
25.86,5.00,92.90,1.40,98.60,3726.61,1.97,0.54,2.05,0.51,1.84,0.49,178.56,0.00,107.91,0.39,4.41,0.00,0.07,0.02,6.75,0.45,684.24,7.18,0.52,2.28,4.42,3.55,1.56,0.22,1.77,4.87,0.39,1.82,2.66,380725183.00,315538231.00,82.88,461.30,22.22,20.35,1.87,
25.90,4.97,92.92,1.40,98.60,3726.73,2.02,0.56,2.10,0.50,1.80,0.48,183.21,0.00,107.97,0.40,4.51,0.00,0.06,0.02,6.69,0.37,684.03,7.12,0.44,2.22,4.45,3.56,1.60,0.18,1.77,4.82,0.35,1.79,2.68,386263204.00,319831081.00,82.80,427.65,22.52,20.71,1.81,
25.94,5.18,92.71,1.49,98.51,3726.38,1.95,0.55,2.03,0.51,1.82,0.49,176.93,0.00,108.03,0.41,4.36,0.00,0.07,0.02,7.25,0.53,684.20,7.30,0.59,2.29,4.42,3.54,1.55,0.21,1.78,4.93,0.47,1.82,2.64,376778677.00,313156524.00,83.11,495.12,22.14,20.29,1.85,
26.00,5.50,92.40,1.63,98.37,3726.71,1.97,0.57,2.05,0.51,1.75,0.49,179.04,0.00,108.27,0.46,4.41,0.00,0.06,0.03,8.06,0.45,683.42,7.17,0.51,2.27,4.42,3.55,1.57,0.21,1.77,4.85,0.40,1.80,2.65,383097189.00,316032172.00,82.49,460.42,22.29,20.46,1.83,
25.76,5.95,91.93,1.81,98.19,3726.64,1.95,0.58,2.04,0.51,1.72,0.49,175.80,0.00,108.53,0.50,4.31,0.00,0.06,0.03,9.03,0.56,682.82,7.29,0.64,2.31,4.37,3.52,1.49,0.25,1.78,4.93,0.54,1.81,2.59,380472821.00,313373199.00,82.36,485.30,22.21,20.34,1.87,
26.08,4.67,93.23,1.29,98.71,3726.69,1.98,0.54,2.05,0.50,1.87,0.49,181.04,0.00,107.81,0.37,4.49,0.00,0.06,0.02,6.59,0.42,684.13,7.15,0.46,2.26,4.43,3.54,1.56,0.20,1.78,4.79,0.35,1.79,2.65,382903667.00,317675837.00,82.96,468.67,22.40,20.60,1.80,
25.98,5.68,92.21,1.69,98.31,3726.61,1.97,0.57,2.06,0.51,1.74,0.49,179.34,0.00,108.41,0.48,4.39,0.00,0.06,0.03,8.30,0.47,683.49,7.15,0.53,2.27,4.38,3.52,1.54,0.22,1.76,4.80,0.41,1.78,2.61,382441464.00,315814796.00,82.58,471.00,22.20,20.40,1.79,
25.61,5.15,92.72,1.43,98.57,3726.57,2.01,0.55,2.09,0.50,1.83,0.48,180.01,0.00,108.13,0.40,4.42,0.00,0.06,0.02,7.15,0.41,683.41,7.13,0.46,2.27,4.44,3.55,1.57,0.20,1.78,4.80,0.35,1.79,2.66,383746991.00,316891649.00,82.58,479.44,22.30,20.47,1.82,
26.16,6.03,91.87,1.83,98.17,3726.55,2.00,0.59,2.09,0.50,1.69,0.48,183.32,0.00,108.34,0.51,4.51,0.00,0.06,0.03,9.07,0.52,682.65,7.24,0.60,2.27,4.38,3.53,1.54,0.22,1.77,4.87,0.47,1.79,2.61,389402867.00,322057262.00,82.71,473.09,22.71,20.83,1.88,
25.61,5.70,92.16,1.71,98.29,3726.76,1.97,0.58,2.05,0.51,1.73,0.49,176.54,0.00,108.36,0.47,4.33,0.00,0.06,0.03,8.46,0.48,683.22,7.23,0.56,2.27,4.40,3.52,1.53,0.21,1.77,4.86,0.43,1.80,2.63,377774218.00,312791470.00,82.80,490.28,22.05,20.21,1.84,
26.07,5.50,92.40,1.57,98.43,3726.65,1.98,0.55,2.07,0.50,1.80,0.48,181.20,0.00,108.11,0.44,4.47,0.00,0.06,0.02,7.47,0.48,683.17,7.25,0.57,2.26,4.43,3.55,1.55,0.21,1.78,4.85,0.43,1.78,2.64,386937351.00,319616627.00,82.60,481.89,22.64,20.75,1.88,
25.85,6.19,91.69,1.88,98.12,3726.75,1.98,0.59,2.07,0.51,1.70,0.48,179.04,0.00,108.53,0.52,4.39,0.00,0.06,0.03,9.30,0.53,682.57,7.23,0.58,2.28,4.37,3.52,1.53,0.22,1.77,4.84,0.46,1.78,2.60,384602600.00,316566396.00,82.31,472.96,22.36,20.48,1.89,
25.97,5.19,92.70,1.50,98.50,3726.65,1.94,0.55,2.02,0.51,1.81,0.49,176.77,0.00,108.04,0.41,4.36,0.00,0.07,0.02,7.35,0.53,684.25,7.35,0.58,2.32,4.47,3.56,1.57,0.21,1.78,5.00,0.47,1.85,2.69,379296097.00,313321102.00,82.61,472.59,22.09,20.21,1.89,
25.95,6.12,91.77,1.90,98.10,3726.55,1.96,0.59,2.05,0.51,1.68,0.49,177.80,0.00,108.52,0.52,4.37,0.00,0.05,0.03,9.03,0.43,682.94,7.11,0.48,2.27,4.37,3.51,1.55,0.21,1.76,4.78,0.37,1.80,2.61,377839474.00,312817350.00,82.79,453.10,21.99,20.23,1.75,
25.89,4.69,93.19,1.29,98.71,3726.76,1.96,0.53,2.03,0.51,1.89,0.49,177.48,0.00,107.92,0.37,4.39,0.00,0.07,0.02,6.44,0.44,684.74,7.15,0.50,2.26,4.39,3.51,1.54,0.21,1.76,4.82,0.39,1.80,2.63,376760285.00,312659013.00,82.99,480.34,22.00,20.17,1.84,
26.00,6.48,91.41,2.04,97.96,3726.74,1.90,0.59,2.00,0.53,1.70,0.50,173.16,0.00,108.74,0.56,4.24,0.00,0.06,0.03,10.15,0.60,682.80,7.36,0.69,2.33,4.36,3.51,1.49,0.25,1.77,4.96,0.54,1.83,2.59,372342128.00,308242841.00,82.78,478.32,21.84,19.94,1.90,
25.79,4.76,93.13,1.31,98.69,3726.69,1.99,0.53,2.06,0.50,1.87,0.49,179.50,0.00,107.89,0.38,4.45,0.00,0.06,0.02,6.38,0.38,684.51,7.13,0.44,2.24,4.45,3.55,1.58,0.19,1.77,4.79,0.32,1.79,2.67,381050135.00,315540038.00,82.81,444.56,22.27,20.48,1.80,
25.88,5.53,92.35,1.65,98.35,3726.81,1.96,0.57,2.04,0.51,1.75,0.49,177.28,0.00,108.27,0.46,4.36,0.00,0.05,0.02,7.68,0.41,683.58,7.12,0.48,2.28,4.38,3.52,1.53,0.22,1.76,4.77,0.37,1.78,2.61,375842921.00,311301864.00,82.83,472.39,21.90,20.11,1.79,
25.91,5.72,92.16,1.69,98.31,3726.33,1.99,0.58,2.08,0.50,1.73,0.48,180.87,0.00,108.32,0.47,4.43,0.00,0.05,0.03,8.45,0.46,683.30,7.13,0.51,2.26,4.38,3.51,1.54,0.21,1.76,4.82,0.40,1.81,2.61,383926041.00,317556152.00,82.71,434.55,22.36,20.53,1.83,
25.94,4.69,93.19,1.27,98.73,3726.75,1.99,0.53,2.07,0.50,1.89,0.48,180.93,0.00,107.82,0.36,4.47,0.00,0.07,0.02,6.26,0.43,684.34,7.12,0.48,2.26,4.43,3.53,1.57,0.20,1.76,4.83,0.36,1.80,2.66,383881111.00,318809085.00,83.05,456.87,22.47,20.63,1.85,
26.01,5.52,92.38,1.64,98.36,3726.74,1.98,0.58,2.07,0.50,1.73,0.48,180.75,0.00,108.20,0.46,4.44,0.00,0.06,0.03,8.16,0.47,683.48,7.19,0.53,2.28,4.40,3.54,1.55,0.22,1.77,4.86,0.45,1.78,2.63,384431631.00,317258525.00,82.53,456.49,22.41,20.58,1.83,
25.72,5.33,92.54,1.51,98.49,3726.48,1.97,0.55,2.05,0.51,1.83,0.49,177.36,0.00,108.13,0.42,4.36,0.00,0.07,0.02,7.46,0.50,683.79,7.31,0.58,2.29,4.45,3.55,1.56,0.20,1.79,4.94,0.46,1.82,2.66,380140264.00,315450694.00,82.98,473.62,22.30,20.40,1.90,
26.11,6.21,91.69,1.94,98.06,3726.66,1.92,0.59,2.01,0.52,1.70,0.50,175.71,0.00,108.46,0.52,4.32,0.00,0.06,0.03,9.35,0.53,683.24,7.26,0.63,2.31,4.36,3.51,1.51,0.24,1.76,4.91,0.51,1.81,2.60,374846631.00,311320556.00,83.05,481.52,21.90,20.11,1.79,
25.97,5.57,92.32,1.65,98.35,3726.65,1.99,0.58,2.07,0.50,1.73,0.48,180.83,0.00,108.26,0.45,4.45,0.00,0.07,0.03,8.04,0.54,683.27,7.37,0.60,2.32,4.46,3.58,1.56,0.22,1.79,4.98,0.48,1.82,2.67,394605223.00,321529779.00,81.48,446.73,22.66,20.77,1.89,
25.89,5.74,92.15,1.75,98.25,3726.56,1.93,0.58,2.01,0.52,1.73,0.50,174.93,0.00,108.33,0.49,4.31,0.00,0.06,0.03,8.71,0.55,683.37,7.32,0.62,2.31,4.41,3.54,1.53,0.23,1.78,4.93,0.49,1.81,2.63,375597152.00,311872337.00,83.03,485.17,22.09,20.24,1.85,
25.94,5.93,91.95,1.82,98.18,3726.76,1.97,0.59,2.06,0.51,1.69,0.49,178.60,0.00,108.39,0.51,4.40,0.00,0.06,0.03,8.97,0.53,682.93,7.24,0.59,2.27,4.38,3.51,1.54,0.21,1.76,4.87,0.46,1.79,2.61,380125888.00,314887414.00,82.84,480.67,22.24,20.39,1.85,
25.87,5.73,92.15,1.72,98.28,3726.77,1.96,0.58,2.04,0.51,1.74,0.49,177.17,0.00,108.35,0.47,4.34,0.00,0.06,0.03,8.58,0.54,683.07,7.33,0.62,2.32,4.40,3.56,1.52,0.26,1.79,4.95,0.51,1.83,2.62,385585685.00,314740751.00,81.63,476.62,22.27,20.35,1.92,
26.05,5.24,92.66,1.49,98.51,3726.75,1.98,0.55,2.06,0.50,1.81,0.48,180.82,0.00,108.05,0.42,4.46,0.00,0.06,0.02,7.14,0.40,683.81,7.09,0.45,2.25,4.41,3.52,1.55,0.20,1.77,4.77,0.35,1.78,2.64,384000708.00,316997368.00,82.55,469.22,22.37,20.57,1.80,
25.75,5.86,92.00,1.69,98.31,3726.70,2.01,0.57,2.10,0.50,1.76,0.48,181.04,0.00,108.27,0.46,4.45,0.00,0.08,0.03,8.31,0.63,682.86,7.53,0.73,2.34,4.50,3.60,1.58,0.21,1.81,5.11,0.60,1.83,2.69,393294205.00,323135317.00,82.16,452.27,22.85,20.85,2.00,
26.15,5.97,91.94,1.80,98.20,3726.70,1.97,0.58,2.06,0.51,1.72,0.48,180.85,0.00,108.39,0.50,4.44,0.00,0.06,0.03,8.80,0.50,682.96,7.31,0.59,2.32,4.41,3.56,1.53,0.25,1.78,4.89,0.46,1.80,2.63,391759687.00,317411019.00,81.02,452.47,22.43,20.56,1.87,
25.72,5.44,92.43,1.58,98.42,3726.70,1.97,0.56,2.05,0.51,1.78,0.49,177.35,0.00,108.18,0.43,4.36,0.00,0.07,0.02,7.71,0.54,683.35,7.32,0.61,2.30,4.43,3.54,1.54,0.22,1.78,4.96,0.50,1.82,2.64,381263216.00,314697112.00,82.54,488.91,22.28,20.36,1.92,
26.03,6.59,91.30,2.06,97.94,3726.47,1.98,0.61,2.08,0.50,1.65,0.48,180.76,0.00,108.71,0.56,4.43,0.00,0.06,0.03,9.87,0.55,682.39,7.27,0.62,2.28,4.38,3.52,1.52,0.23,1.78,4.90,0.51,1.79,2.60,386357498.00,317606254.00,82.21,448.22,22.51,20.60,1.91,
25.94,4.71,93.18,1.26,98.74,3726.79,1.98,0.52,2.06,0.50,1.92,0.49,180.01,0.00,107.89,0.36,4.43,0.00,0.07,0.02,6.11,0.43,684.33,7.26,0.50,2.29,4.46,3.57,1.57,0.21,1.79,4.86,0.39,1.80,2.67,387985296.00,317958552.00,81.95,485.90,22.37,20.56,1.81,
26.13,6.58,91.31,2.12,97.88,3726.67,1.95,0.61,2.04,0.51,1.63,0.49,178.24,0.00,108.91,0.58,4.36,0.00,0.06,0.03,10.59,0.58,681.67,7.38,0.66,2.35,4.40,3.57,1.53,0.26,1.78,4.97,0.54,1.82,2.62,389890600.00,316130264.00,81.08,472.77,22.38,20.47,1.90,
25.93,4.36,93.53,1.08,98.92,3726.73,2.04,0.49,2.11,0.49,2.03,0.47,184.89,0.00,107.81,0.32,4.56,0.00,0.07,0.02,5.50,0.38,683.73,7.31,0.46,2.35,4.53,3.68,1.58,0.28,1.82,4.83,0.33,1.78,2.71,415911899.00,324964952.00,78.13,467.04,22.87,21.02,1.85,
25.86,6.35,91.53,1.96,98.04,3726.69,2.01,0.61,2.10,0.50,1.65,0.48,181.63,0.00,108.60,0.54,4.46,0.00,0.06,0.03,9.40,0.55,682.41,7.30,0.62,2.26,4.41,3.55,1.56,0.21,1.77,4.95,0.51,1.80,2.64,390191076.00,320650061.00,82.18,447.81,22.79,20.85,1.94,
25.81,4.95,92.93,1.39,98.61,3726.73,1.98,0.55,2.06,0.50,1.83,0.49,179.31,0.00,108.00,0.40,4.42,0.00,0.06,0.02,6.76,0.38,684.15,7.13,0.45,2.26,4.43,3.55,1.56,0.22,1.77,4.77,0.32,1.79,2.65,382411054.00,313859671.00,82.07,431.55,22.13,20.33,1.80,
25.92,5.79,92.08,1.72,98.28,3726.77,1.96,0.57,2.04,0.51,1.76,0.49,177.45,0.00,108.28,0.48,4.37,0.00,0.05,0.03,8.32,0.44,683.48,7.21,0.52,2.28,4.42,3.53,1.56,0.20,1.77,4.87,0.40,1.82,2.65,377631192.00,313613933.00,83.05,473.57,22.10,20.27,1.83,
25.88,5.35,92.54,1.55,98.45,3726.77,2.01,0.57,2.09,0.50,1.75,0.48,182.15,0.00,108.25,0.43,4.48,0.00,0.05,0.02,7.48,0.41,683.45,7.12,0.48,2.24,4.42,3.53,1.56,0.19,1.77,4.82,0.38,1.79,2.65,385390059.00,319135372.00,82.81,444.84,22.46,20.68,1.78,
25.85,5.01,92.88,1.40,98.60,3726.52,2.02,0.55,2.10,0.50,1.81,0.48,182.61,0.00,107.98,0.40,4.50,0.00,0.06,0.02,6.99,0.43,683.48,7.14,0.48,2.24,4.44,3.55,1.59,0.19,1.77,4.82,0.36,1.79,2.67,387135234.00,319953087.00,82.65,456.70,22.56,20.70,1.86,
26.06,6.83,91.07,2.23,97.77,3726.64,1.93,0.62,2.03,0.52,1.62,0.49,176.29,0.00,108.95,0.61,4.31,0.00,0.05,0.03,10.59,0.55,682.49,7.25,0.63,2.31,4.33,3.49,1.48,0.24,1.76,4.87,0.50,1.80,2.57,377855454.00,310405075.00,82.15,449.60,22.04,20.15,1.88,
25.77,4.74,93.15,1.28,98.72,3726.64,1.99,0.52,2.07,0.50,1.90,0.48,179.80,0.00,107.77,0.35,4.44,0.00,0.07,0.02,5.98,0.42,684.47,7.17,0.47,2.26,4.46,3.56,1.58,0.19,1.78,4.83,0.35,1.81,2.68,382260485.00,315610922.00,82.56,478.02,22.21,20.43,1.78,
25.91,6.23,91.66,1.95,98.05,3726.68,1.97,0.60,2.06,0.51,1.66,0.49,178.53,0.00,108.71,0.54,4.38,0.00,0.06,0.03,9.51,0.53,682.83,7.28,0.60,2.30,4.40,3.53,1.53,0.22,1.78,4.92,0.49,1.81,2.63,382041640.00,315462198.00,82.57,477.71,22.23,20.35,1.87,
26.00,5.02,92.88,1.40,98.60,3726.63,1.97,0.54,2.05,0.51,1.85,0.49,179.76,0.00,107.89,0.39,4.44,0.00,0.06,0.02,6.68,0.42,684.22,7.15,0.47,2.26,4.44,3.55,1.57,0.20,1.78,4.82,0.37,1.79,2.66,380705178.00,316193645.00,83.05,475.42,22.31,20.49,1.82,
25.91,6.13,91.75,1.92,98.08,3726.71,1.92,0.59,2.01,0.52,1.70,0.50,173.92,0.00,108.56,0.52,4.28,0.00,0.06,0.03,9.18,0.51,683.78,7.31,0.61,2.32,4.40,3.52,1.51,0.24,1.77,4.94,0.48,1.83,2.63,372718297.00,308954060.00,82.89,460.06,21.86,20.03,1.82,
26.03,5.01,92.89,1.43,98.57,3726.74,1.99,0.56,2.07,0.50,1.79,0.48,181.37,0.00,108.12,0.41,4.47,0.00,0.06,0.02,7.33,0.42,684.11,7.13,0.49,2.26,4.41,3.52,1.56,0.20,1.77,4.80,0.37,1.79,2.64,382660139.00,316741844.00,82.77,471.31,22.33,20.51,1.82,
25.92,5.98,91.90,1.77,98.23,3726.77,1.97,0.57,2.06,0.51,1.75,0.48,178.88,0.00,108.44,0.49,4.40,0.00,0.06,0.03,8.51,0.53,683.22,7.30,0.61,2.29,4.43,3.55,1.56,0.21,1.78,4.93,0.47,1.81,2.65,385702482.00,318013883.00,82.45,465.39,22.45,20.59,1.85,
25.98,5.69,92.20,1.65,98.35,3726.62,2.03,0.58,2.12,0.49,1.73,0.47,184.48,0.00,108.19,0.46,4.55,0.00,0.06,0.03,8.19,0.53,683.00,7.21,0.58,2.24,4.40,3.53,1.56,0.20,1.77,4.86,0.47,1.77,2.63,394323597.00,326162467.00,82.71,462.55,23.02,21.10,1.93,
25.74,5.68,92.19,1.63,98.37,3726.69,2.00,0.56,2.09,0.50,1.78,0.48,180.54,0.00,108.24,0.44,4.44,0.00,0.06,0.02,7.77,0.48,683.35,7.22,0.54,2.25,4.44,3.56,1.58,0.20,1.78,4.87,0.42,1.79,2.66,385917222.00,317477647.00,82.27,460.25,22.51,20.64,1.87,
25.90,6.54,91.35,1.96,98.04,3726.72,2.02,0.59,2.13,0.49,1.69,0.47,183.52,0.00,108.80,0.53,4.51,0.00,0.07,0.03,9.33,0.63,681.59,7.43,0.73,2.31,4.42,3.58,1.54,0.25,1.80,4.99,0.59,1.79,2.62,403636538.00,325676236.00,80.69,475.62,23.16,21.18,1.98,
26.12,4.83,93.07,1.32,98.68,3726.61,1.97,0.53,2.04,0.51,1.90,0.49,179.86,0.00,107.90,0.38,4.45,0.00,0.06,0.02,6.40,0.42,684.10,7.35,0.49,2.37,4.50,3.69,1.59,0.30,1.80,4.88,0.36,1.82,2.70,405136029.00,316256686.00,78.06,452.40,22.29,20.47,1.82,
25.84,5.08,92.80,1.44,98.56,3726.67,1.98,0.55,2.06,0.50,1.82,0.49,179.28,0.00,108.05,0.41,4.41,0.00,0.06,0.02,7.24,0.44,683.64,7.14,0.49,2.27,4.41,3.54,1.56,0.21,1.77,4.82,0.37,1.81,2.64,382170307.00,316584671.00,82.84,468.39,22.26,20.46,1.79,
26.10,6.01,91.89,1.81,98.19,3726.53,1.97,0.58,2.06,0.51,1.73,0.49,179.85,0.00,108.50,0.49,4.40,0.00,0.06,0.03,8.74,0.56,683.15,7.35,0.65,2.34,4.41,3.57,1.54,0.25,1.78,4.95,0.52,1.81,2.63,392839787.00,318409355.00,81.05,494.61,22.52,20.64,1.87,
25.97,4.99,92.91,1.38,98.62,3726.69,1.97,0.53,2.04,0.51,1.88,0.49,178.76,0.00,108.10,0.39,4.42,0.00,0.07,0.02,6.77,0.49,683.19,7.30,0.52,2.31,4.47,3.60,1.58,0.23,1.79,4.91,0.42,1.81,2.68,389066411.00,316707371.00,81.40,493.58,22.32,20.48,1.84,
26.18,7.46,90.45,2.42,97.58,3726.71,1.91,0.61,2.02,0.52,1.65,0.50,174.98,0.00,109.13,0.64,4.27,0.00,0.06,0.04,11.80,0.76,681.56,7.69,0.89,2.48,4.36,3.62,1.45,0.37,1.79,5.15,0.75,1.84,2.56,400840961.00,313012539.00,78.09,498.28,22.31,20.25,2.06,
25.85,4.20,93.69,1.01,98.99,3726.80,2.01,0.47,2.08,0.50,2.12,0.48,181.87,0.00,107.48,0.30,4.51,0.00,0.08,0.02,4.91,0.37,684.68,7.09,0.44,2.23,4.44,3.55,1.59,0.18,1.77,4.77,0.32,1.78,2.67,383378389.00,318236379.00,83.01,491.86,22.38,20.53,1.85,
25.98,7.14,90.75,2.33,97.67,3726.73,1.91,0.61,2.01,0.52,1.64,0.50,173.46,0.00,108.96,0.62,4.24,0.00,0.06,0.03,11.05,0.69,682.33,7.54,0.81,2.37,4.38,3.52,1.48,0.25,1.79,5.14,0.70,1.85,2.59,378000147.00,311462573.00,82.40,487.50,22.01,20.07,1.94,
26.02,4.91,92.98,1.34,98.66,3726.68,2.03,0.54,2.11,0.49,1.84,0.47,184.85,0.00,107.81,0.38,4.55,0.00,0.07,0.02,6.48,0.42,683.88,7.19,0.48,2.24,4.49,3.59,1.60,0.20,1.79,4.83,0.37,1.77,2.69,391946855.00,323175503.00,82.45,462.76,22.79,20.96,1.83,
25.74,5.76,92.12,1.71,98.29,3726.53,2.00,0.58,2.09,0.50,1.72,0.48,180.15,0.00,108.38,0.47,4.43,0.00,0.06,0.03,8.23,0.53,682.91,7.27,0.59,2.27,4.43,3.55,1.56,0.21,1.78,4.95,0.49,1.81,2.65,386577651.00,318727421.00,82.45,481.66,22.60,20.71,1.90,
25.96,6.75,91.14,2.01,97.99,3726.37,2.06,0.60,2.16,0.49,1.67,0.46,186.88,0.00,108.58,0.54,4.58,0.00,0.07,0.03,9.78,0.71,681.45,7.56,0.83,2.32,4.43,3.57,1.53,0.24,1.80,5.14,0.71,1.80,2.63,406921594.00,330631946.00,81.25,481.34,23.59,21.42,2.17,
25.96,4.96,92.93,1.39,98.61,3726.64,2.00,0.55,2.07,0.50,1.82,0.48,181.49,0.00,107.93,0.38,4.47,0.00,0.06,0.02,6.27,0.38,684.00,7.09,0.46,2.24,4.42,3.55,1.58,0.20,1.77,4.80,0.36,1.79,2.65,382309816.00,317604954.00,83.08,449.09,22.38,20.59,1.80,
25.77,6.06,91.82,1.83,98.17,3726.31,1.95,0.58,2.04,0.51,1.74,0.49,176.02,0.00,108.54,0.51,4.31,0.00,0.06,0.03,8.83,0.54,683.22,7.34,0.63,2.32,4.43,3.55,1.54,0.23,1.79,4.97,0.51,1.81,2.64,379668129.00,313149488.00,82.48,490.40,22.18,20.27,1.91,
26.07,6.05,91.86,1.81,98.19,3726.66,1.97,0.58,2.06,0.51,1.73,0.48,180.12,0.00,108.41,0.49,4.43,0.00,0.08,0.03,8.85,0.69,683.18,7.47,0.76,2.33,4.40,3.54,1.54,0.22,1.77,5.11,0.64,1.84,2.63,389590827.00,321181116.00,82.44,492.61,22.78,20.78,2.00,
25.80,6.46,91.40,2.06,97.94,3726.67,1.95,0.61,2.05,0.51,1.65,0.49,176.14,0.00,108.63,0.56,4.31,0.00,0.06,0.03,10.11,0.59,682.79,7.40,0.70,2.32,4.42,3.54,1.55,0.21,1.78,5.04,0.57,1.82,2.64,377870371.00,313448961.00,82.95,473.23,22.23,20.32,1.91,
25.95,5.39,92.50,1.54,98.46,3726.47,2.01,0.56,2.09,0.50,1.78,0.48,182.69,0.00,108.16,0.43,4.50,0.00,0.08,0.02,7.45,0.57,683.22,7.41,0.66,2.30,4.47,3.56,1.56,0.20,1.80,5.03,0.55,1.82,2.67,392054765.00,323540578.00,82.52,474.40,23.02,20.99,2.02,
26.00,5.90,91.99,1.73,98.27,3726.40,2.00,0.57,2.09,0.50,1.74,0.48,181.97,0.00,108.24,0.47,4.48,0.00,0.06,0.03,8.50,0.53,683.19,7.28,0.57,2.28,4.43,3.55,1.57,0.20,1.78,4.91,0.46,1.80,2.65,388185689.00,321443059.00,82.81,475.36,22.71,20.85,1.86,
25.75,6.08,91.80,1.86,98.14,3726.70,1.97,0.59,2.06,0.51,1.69,0.49,177.48,0.00,108.52,0.50,4.36,0.00,0.07,0.03,8.90,0.66,683.10,7.45,0.75,2.35,4.39,3.52,1.51,0.23,1.78,5.10,0.64,1.85,2.61,385336356.00,317358772.00,82.36,454.60,22.51,20.47,2.04,
25.94,5.58,92.30,1.60,98.40,3726.71,2.01,0.56,2.10,0.50,1.77,0.48,182.82,0.00,108.14,0.45,4.50,0.00,0.06,0.02,7.57,0.48,683.27,7.21,0.55,2.25,4.43,3.55,1.58,0.19,1.77,4.89,0.44,1.79,2.66,388772329.00,321751555.00,82.76,439.95,22.78,20.87,1.91,
25.92,5.18,92.71,1.45,98.55,3726.73,2.01,0.55,2.09,0.50,1.82,0.48,182.57,0.00,108.07,0.41,4.49,0.00,0.06,0.02,7.18,0.47,683.68,7.17,0.52,2.24,4.41,3.53,1.56,0.20,1.77,4.83,0.40,1.79,2.64,387482202.00,320940861.00,82.83,468.24,22.56,20.74,1.82,
26.12,6.38,91.52,1.95,98.05,3726.78,2.00,0.60,2.10,0.50,1.67,0.48,183.35,0.00,108.52,0.53,4.49,0.00,0.05,0.03,9.36,0.51,682.12,7.21,0.59,2.26,4.39,3.55,1.56,0.22,1.77,4.89,0.48,1.79,2.62,390593080.00,322372509.00,82.53,475.83,22.74,20.88,1.86,
25.75,6.07,91.81,1.84,98.16,3726.71,1.99,0.59,2.08,0.50,1.69,0.48,179.44,0.00,108.46,0.50,4.41,0.00,0.07,0.03,9.13,0.68,682.51,7.49,0.78,2.32,4.40,3.53,1.51,0.22,1.79,5.08,0.65,1.83,2.61,388127026.00,320854422.00,82.67,486.76,22.90,20.78,2.12,
26.02,5.44,92.46,1.63,98.37,3726.70,1.93,0.57,2.01,0.52,1.76,0.50,176.22,0.00,108.20,0.46,4.34,0.00,0.06,0.03,7.94,0.48,683.94,7.25,0.56,2.30,4.42,3.53,1.55,0.21,1.77,4.91,0.43,1.82,2.65,375270799.00,311330140.00,82.96,451.74,22.01,20.18,1.83,
25.73,6.74,91.13,2.07,97.93,3726.52,1.99,0.60,2.09,0.50,1.67,0.48,179.36,0.00,108.75,0.56,4.39,0.00,0.06,0.03,10.18,0.60,682.07,7.39,0.69,2.30,4.44,3.56,1.55,0.22,1.79,5.04,0.57,1.82,2.65,387035588.00,319623901.00,82.58,448.40,22.64,20.72,1.92,
25.99,5.25,92.64,1.53,98.47,3726.72,1.97,0.56,2.05,0.51,1.78,0.49,179.03,0.00,108.19,0.44,4.42,0.00,0.06,0.02,7.53,0.44,683.84,7.16,0.48,2.26,4.42,3.52,1.56,0.20,1.77,4.83,0.37,1.81,2.65,379780529.00,315110870.00,82.97,469.09,22.21,20.40,1.81,
25.89,5.32,92.57,1.54,98.46,3726.77,1.98,0.56,2.06,0.51,1.79,0.49,179.35,0.00,108.22,0.43,4.43,0.00,0.06,0.02,7.51,0.47,683.59,7.19,0.51,2.25,4.42,3.54,1.55,0.21,1.78,4.82,0.40,1.78,2.65,383464228.00,317291997.00,82.74,473.60,22.34,20.50,1.83,
25.98,5.75,92.12,1.76,98.24,3726.80,1.96,0.59,2.04,0.51,1.71,0.49,178.22,0.00,108.29,0.48,4.40,0.00,0.06,0.03,8.59,0.47,683.29,7.13,0.54,2.26,4.35,3.50,1.53,0.22,1.75,4.79,0.41,1.78,2.60,377076223.00,314060229.00,83.29,477.86,22.15,20.33,1.81,
25.90,6.56,91.32,2.08,97.92,3726.75,1.97,0.61,2.06,0.51,1.64,0.48,178.39,0.00,108.77,0.57,4.36,0.00,0.05,0.03,10.27,0.55,682.16,7.32,0.64,2.31,4.39,3.53,1.53,0.23,1.77,4.94,0.52,1.81,2.62,382006503.00,314769583.00,82.40,447.00,22.22,20.38,1.84,
25.79,4.72,93.15,1.36,98.64,3726.75,1.91,0.54,1.98,0.52,1.86,0.51,172.32,0.00,107.89,0.38,4.27,0.00,0.06,0.02,6.62,0.40,684.92,7.10,0.45,2.28,4.40,3.51,1.54,0.21,1.76,4.80,0.35,1.82,2.64,363925142.00,303704988.00,83.45,481.22,21.43,19.63,1.79,
25.85,5.56,92.32,1.62,98.38,3726.66,1.97,0.56,2.06,0.51,1.77,0.49,178.71,0.00,108.32,0.46,4.40,0.00,0.06,0.03,7.97,0.46,683.42,7.17,0.51,2.26,4.40,3.53,1.55,0.21,1.77,4.82,0.40,1.79,2.63,380430661.00,315722402.00,82.99,466.80,22.22,20.41,1.81,
26.07,5.59,92.32,1.67,98.33,3726.51,1.96,0.57,2.04,0.51,1.74,0.49,178.85,0.00,108.27,0.47,4.40,0.00,0.06,0.03,8.07,0.46,683.51,7.15,0.54,2.26,4.38,3.52,1.53,0.23,1.77,4.84,0.43,1.79,2.61,380111788.00,314810849.00,82.82,463.32,22.17,20.35,1.82,
25.86,5.75,92.13,1.71,98.29,3726.62,1.96,0.57,2.05,0.51,1.75,0.49,177.84,0.00,108.37,0.47,4.37,0.00,0.06,0.03,8.48,0.52,683.30,7.25,0.58,2.28,4.38,3.52,1.52,0.23,1.77,4.90,0.47,1.82,2.61,380383497.00,313779902.00,82.49,452.27,22.23,20.33,1.90,
26.01,5.52,92.38,1.64,98.36,3726.71,1.97,0.57,2.05,0.51,1.75,0.49,179.09,0.00,108.16,0.45,4.41,0.00,0.06,0.02,7.76,0.48,683.88,7.18,0.55,2.27,4.38,3.52,1.54,0.22,1.76,4.85,0.44,1.79,2.62,381425640.00,316162621.00,82.89,476.55,22.31,20.47,1.84,
25.90,5.73,92.16,1.69,98.31,3726.69,2.00,0.58,2.09,0.50,1.73,0.48,181.52,0.00,108.35,0.48,4.47,0.00,0.05,0.03,8.47,0.43,683.00,7.10,0.49,2.26,4.38,3.52,1.54,0.21,1.77,4.75,0.37,1.77,2.61,385428781.00,318050761.00,82.52,455.08,22.45,20.64,1.81,
25.92,5.89,91.99,1.79,98.21,3726.62,1.98,0.59,2.07,0.50,1.70,0.48,179.79,0.00,108.39,0.49,4.41,0.00,0.06,0.03,8.59,0.51,683.13,7.27,0.60,2.27,4.43,3.56,1.58,0.20,1.77,4.95,0.48,1.81,2.66,383692711.00,317391410.00,82.72,449.45,22.49,20.63,1.86,
25.81,5.35,92.53,1.59,98.41,3726.71,1.95,0.57,2.03,0.51,1.76,0.49,176.37,0.00,108.25,0.44,4.35,0.00,0.06,0.02,7.82,0.46,683.71,7.17,0.52,2.27,4.40,3.52,1.54,0.21,1.77,4.85,0.42,1.81,2.63,375911000.00,311951161.00,82.99,470.82,22.03,20.21,1.82,
25.91,5.10,92.78,1.45,98.55,3726.67,1.96,0.55,2.04,0.51,1.83,0.49,177.99,0.00,108.00,0.41,4.40,0.00,0.06,0.02,7.00,0.43,684.12,7.20,0.50,2.27,4.44,3.54,1.56,0.20,1.78,4.86,0.39,1.81,2.66,378403345.00,314742707.00,83.18,460.02,22.18,20.32,1.86,
25.82,5.22,92.66,1.49,98.51,3726.55,1.99,0.56,2.07,0.50,1.79,0.48,180.26,0.00,108.04,0.41,4.44,0.00,0.06,0.02,7.14,0.42,683.68,7.19,0.50,2.25,4.46,3.56,1.58,0.20,1.79,4.84,0.38,1.78,2.67,383508095.00,317896470.00,82.89,475.15,22.39,20.57,1.82,
26.14,6.61,91.29,2.08,97.92,3726.67,1.95,0.60,2.05,0.51,1.67,0.49,178.81,0.00,108.74,0.57,4.38,0.00,0.06,0.03,10.07,0.58,682.28,7.25,0.64,2.28,4.33,3.49,1.49,0.24,1.76,4.90,0.54,1.80,2.57,382751769.00,315805631.00,82.51,468.64,22.42,20.50,1.92,
25.58,5.37,92.49,1.55,98.45,3726.60,2.00,0.57,2.09,0.50,1.77,0.48,179.55,0.00,108.37,0.45,4.40,0.00,0.06,0.02,7.74,0.48,683.25,7.21,0.55,2.28,4.42,3.55,1.57,0.20,1.77,4.87,0.42,1.79,2.65,383981391.00,316584541.00,82.45,470.12,22.38,20.46,1.93,
26.02,5.67,92.23,1.69,98.31,3726.49,1.95,0.57,2.04,0.51,1.75,0.49,177.82,0.00,108.20,0.47,4.39,0.00,0.06,0.03,8.04,0.44,683.64,7.17,0.52,2.27,4.39,3.53,1.54,0.22,1.77,4.82,0.41,1.78,2.63,377401281.00,313910014.00,83.18,473.63,22.08,20.35,1.73,
25.81,5.31,92.57,1.51,98.49,3726.68,2.00,0.56,2.09,0.50,1.79,0.48,181.16,0.00,108.14,0.42,4.47,0.00,0.06,0.02,7.55,0.48,683.20,7.22,0.55,2.26,4.42,3.55,1.57,0.20,1.78,4.88,0.44,1.79,2.65,387396409.00,320179441.00,82.65,456.99,22.61,20.69,1.91,
25.99,5.43,92.43,1.52,98.48,3726.66,2.01,0.55,2.09,0.50,1.82,0.48,182.58,0.00,108.13,0.43,4.50,0.00,0.07,0.02,7.38,0.50,683.46,7.29,0.57,2.26,4.46,3.56,1.59,0.20,1.78,4.95,0.47,1.80,2.68,389912943.00,322541788.00,82.72,456.69,22.87,20.97,1.91,
25.74,5.39,92.48,1.61,98.39,3726.74,1.97,0.57,2.05,0.51,1.74,0.49,177.34,0.00,108.33,0.45,4.35,0.00,0.05,0.02,7.90,0.43,683.60,7.16,0.50,2.28,4.39,3.51,1.53,0.22,1.77,4.79,0.38,1.79,2.62,377649313.00,312625846.00,82.78,455.12,22.06,20.21,1.85,
25.78,5.30,92.57,1.53,98.47,3726.78,1.96,0.55,2.04,0.51,1.81,0.49,176.76,0.00,108.10,0.43,4.36,0.00,0.06,0.02,7.50,0.45,683.87,7.28,0.55,2.28,4.47,3.57,1.59,0.20,1.78,4.90,0.42,1.80,2.69,376845143.00,313078629.00,83.08,466.58,22.06,20.27,1.79,
25.93,6.49,91.40,1.98,98.02,3726.34,1.99,0.60,2.09,0.50,1.68,0.48,180.84,0.00,108.56,0.54,4.46,0.00,0.06,0.03,9.73,0.54,682.22,7.20,0.61,2.28,4.33,3.51,1.52,0.23,1.76,4.87,0.51,1.78,2.57,385815494.00,318063189.00,82.44,445.08,22.50,20.65,1.86,
25.73,5.19,92.69,1.47,98.53,3726.68,2.00,0.56,2.08,0.50,1.80,0.48,179.91,0.00,108.06,0.41,4.46,0.00,0.06,0.02,7.15,0.46,683.80,7.22,0.53,2.27,4.44,3.54,1.56,0.20,1.78,4.87,0.41,1.80,2.66,383704064.00,317344927.00,82.71,464.71,22.46,20.59,1.87,
26.04,6.42,91.47,2.04,97.96,3726.72,1.93,0.60,2.03,0.52,1.66,0.49,176.39,0.00,108.70,0.55,4.32,0.00,0.04,0.03,9.52,0.43,682.92,7.13,0.50,2.28,4.37,3.50,1.52,0.22,1.76,4.81,0.39,1.81,2.61,375080195.00,310004573.00,82.65,454.60,21.81,20.06,1.76,
25.94,4.76,93.14,1.28,98.72,3726.64,2.00,0.53,2.07,0.50,1.90,0.48,181.41,0.00,107.85,0.37,4.48,0.00,0.06,0.02,6.16,0.39,684.18,7.08,0.44,2.23,4.42,3.54,1.57,0.20,1.77,4.73,0.32,1.76,2.65,383815351.00,318030037.00,82.86,450.31,22.39,20.58,1.81,
25.79,5.92,91.96,1.76,98.24,3726.69,2.01,0.58,2.10,0.50,1.72,0.48,181.15,0.00,108.40,0.48,4.45,0.00,0.06,0.03,8.25,0.51,682.92,7.30,0.60,2.28,4.44,3.56,1.57,0.20,1.79,4.91,0.47,1.79,2.65,389495146.00,322318947.00,82.75,444.86,22.72,20.84,1.88,
26.04,5.24,92.66,1.51,98.49,3726.64,2.01,0.57,2.09,0.50,1.76,0.48,183.19,0.00,107.98,0.41,4.52,0.00,0.06,0.02,7.20,0.45,683.62,7.16,0.51,2.26,4.40,3.53,1.56,0.20,1.77,4.79,0.39,1.78,2.63,389511626.00,322567854.00,82.81,450.30,22.74,20.85,1.89,
25.95,6.65,91.24,2.05,97.95,3726.65,1.93,0.58,2.03,0.52,1.71,0.49,175.54,0.00,108.69,0.56,4.29,0.00,0.07,0.03,9.95,0.71,682.92,7.58,0.82,2.36,4.42,3.56,1.51,0.25,1.79,5.16,0.70,1.83,2.63,381957288.00,315657533.00,82.64,491.46,22.38,20.39,1.99,
25.92,6.33,91.56,1.98,98.02,3726.68,1.96,0.60,2.05,0.51,1.66,0.49,177.98,0.00,108.60,0.54,4.37,0.00,0.06,0.03,9.51,0.52,682.74,7.23,0.59,2.28,4.37,3.51,1.53,0.22,1.76,4.88,0.48,1.80,2.60,381809415.00,315099282.00,82.53,450.31,22.28,20.45,1.83,
26.01,5.77,92.13,1.73,98.27,3726.66,1.95,0.57,2.03,0.51,1.75,0.49,177.38,0.00,108.31,0.48,4.37,0.00,0.07,0.03,8.20,0.58,683.22,7.41,0.70,2.33,4.43,3.58,1.55,0.25,1.78,5.04,0.58,1.82,2.64,388378894.00,316859857.00,81.59,486.11,22.42,20.48,1.94,
25.95,6.82,91.08,2.15,97.85,3726.69,1.97,0.61,2.07,0.51,1.64,0.48,178.94,0.00,108.84,0.58,4.37,0.00,0.06,0.03,10.56,0.59,682.12,7.36,0.68,2.31,4.38,3.52,1.51,0.23,1.78,5.01,0.58,1.83,2.60,385886234.00,317229072.00,82.21,460.39,22.53,20.60,1.93,
25.82,4.58,93.30,1.20,98.80,3726.67,2.00,0.51,2.07,0.50,1.95,0.48,180.58,0.00,107.75,0.36,4.47,0.00,0.08,0.02,6.02,0.46,684.40,7.23,0.52,2.26,4.46,3.57,1.58,0.20,1.79,4.88,0.41,1.78,2.68,383634297.00,318466571.00,83.01,481.65,22.48,20.62,1.85,
25.90,6.71,91.17,2.15,97.85,3726.62,1.91,0.60,2.00,0.52,1.67,0.50,172.90,0.00,108.90,0.58,4.23,0.00,0.05,0.03,10.24,0.54,682.75,7.37,0.64,2.37,4.40,3.55,1.51,0.26,1.77,5.00,0.52,1.86,2.62,378952087.00,308539468.00,81.42,481.77,21.95,20.06,1.89,
25.84,4.97,92.91,1.39,98.61,3726.74,1.98,0.54,2.06,0.50,1.84,0.48,179.60,0.00,107.90,0.40,4.44,0.00,0.06,0.02,7.04,0.45,684.00,7.21,0.52,2.27,4.45,3.56,1.59,0.19,1.77,4.88,0.41,1.80,2.67,381497196.00,316075786.00,82.85,453.80,22.36,20.50,1.87,
25.83,6.37,91.51,1.96,98.04,3726.67,1.96,0.59,2.06,0.51,1.69,0.49,177.70,0.00,108.56,0.52,4.35,0.00,0.06,0.03,9.28,0.60,682.76,7.39,0.70,2.32,4.40,3.53,1.53,0.22,1.77,5.04,0.57,1.83,2.63,382109185.00,315568703.00,82.59,467.70,22.32,20.43,1.89,
26.00,5.42,92.48,1.55,98.45,3726.50,2.01,0.56,2.09,0.50,1.78,0.48,182.94,0.00,108.14,0.43,4.50,0.00,0.07,0.02,7.83,0.52,683.44,7.28,0.57,2.30,4.44,3.58,1.58,0.22,1.77,4.92,0.45,1.81,2.67,396799376.00,323109874.00,81.43,451.45,22.88,20.95,1.93,
25.84,5.23,92.66,1.47,98.53,3726.70,1.98,0.54,2.06,0.51,1.84,0.49,178.72,0.00,108.19,0.42,4.40,0.00,0.06,0.02,7.65,0.48,683.56,7.19,0.53,2.27,4.39,3.52,1.54,0.22,1.77,4.82,0.41,1.79,2.62,381730353.00,315383986.00,82.62,479.20,22.25,20.41,1.84,
25.93,7.28,90.61,2.28,97.72,3726.65,2.01,0.61,2.12,0.50,1.63,0.47,182.41,0.00,108.87,0.60,4.47,0.00,0.07,0.03,11.11,0.74,681.13,7.55,0.84,2.31,4.41,3.55,1.53,0.23,1.79,5.14,0.72,1.81,2.62,396581833.00,325454865.00,82.06,462.34,23.22,21.10,2.12,
25.84,4.93,92.95,1.35,98.65,3726.72,1.98,0.53,2.05,0.51,1.88,0.49,178.78,0.00,107.93,0.38,4.43,0.00,0.07,0.02,6.77,0.50,684.18,7.32,0.53,2.31,4.47,3.58,1.57,0.22,1.79,4.92,0.42,1.82,2.68,387064652.00,317351793.00,81.99,463.53,22.48,20.56,1.92,
25.73,6.54,91.34,2.07,97.93,3726.54,1.93,0.60,2.03,0.52,1.67,0.49,174.07,0.00,108.79,0.57,4.27,0.00,0.05,0.03,10.18,0.49,682.73,7.22,0.54,2.32,4.38,3.50,1.50,0.23,1.77,4.84,0.42,1.82,2.61,373007590.00,306791917.00,82.25,479.66,21.69,19.92,1.78,
26.10,5.09,92.82,1.45,98.55,3726.48,1.97,0.55,2.05,0.51,1.81,0.49,179.94,0.00,107.91,0.40,4.45,0.00,0.06,0.02,6.98,0.45,684.22,7.23,0.50,2.28,4.44,3.56,1.59,0.20,1.77,4.87,0.39,1.81,2.67,383226649.00,317352575.00,82.81,461.64,22.34,20.55,1.79,
25.66,6.26,91.61,1.91,98.09,3726.62,1.94,0.58,2.03,0.52,1.73,0.49,174.04,0.00,108.62,0.52,4.26,0.00,0.06,0.03,9.32,0.59,683.10,7.44,0.64,2.35,4.44,3.58,1.53,0.26,1.79,5.05,0.55,1.84,2.65,382581695.00,310543226.00,81.17,459.51,22.03,20.13,1.90,
26.02,5.89,92.00,1.77,98.23,3726.69,1.99,0.58,2.08,0.50,1.71,0.48,181.17,0.00,108.36,0.48,4.45,0.00,0.06,0.03,8.57,0.49,682.99,7.24,0.56,2.27,4.41,3.53,1.56,0.20,1.76,4.90,0.46,1.80,2.64,386187276.00,319433546.00,82.71,444.53,22.53,20.63,1.89,
25.89,4.72,93.17,1.31,98.69,3726.64,1.94,0.53,2.01,0.52,1.89,0.50,175.90,0.00,107.87,0.37,4.36,0.00,0.07,0.02,6.39,0.43,684.97,7.21,0.48,2.28,4.44,3.54,1.58,0.20,1.77,4.87,0.36,1.82,2.68,373843281.00,309514425.00,82.79,448.76,21.83,20.03,1.80,
26.07,6.92,90.98,2.14,97.86,3726.63,2.02,0.61,2.13,0.49,1.63,0.47,184.81,0.00,108.83,0.57,4.52,0.00,0.05,0.03,10.35,0.55,681.44,7.31,0.64,2.33,4.39,3.56,1.53,0.25,1.78,4.92,0.51,1.80,2.62,404052466.00,324197736.00,80.24,426.62,22.98,21.07,1.92,
25.67,4.45,93.42,1.19,98.81,3726.33,1.96,0.51,2.03,0.51,1.95,0.49,176.23,0.00,107.85,0.35,4.35,0.00,0.07,0.02,6.07,0.40,684.77,7.11,0.44,2.24,4.43,3.53,1.56,0.20,1.77,4.78,0.32,1.79,2.66,372343674.00,309614348.00,83.15,466.93,21.85,20.02,1.83,
26.11,7.04,90.86,2.38,97.62,3726.69,1.88,0.62,1.98,0.53,1.60,0.51,172.00,0.00,108.97,0.63,4.23,0.00,0.05,0.03,11.27,0.59,682.60,7.34,0.69,2.34,4.34,3.48,1.47,0.25,1.76,4.99,0.57,1.85,2.57,369617582.00,305414381.00,82.63,445.73,21.67,19.83,1.83,
25.92,5.42,92.47,1.59,98.41,3726.69,1.97,0.57,2.05,0.51,1.76,0.49,178.91,0.00,108.22,0.45,4.40,0.00,0.07,0.03,7.95,0.56,683.55,7.36,0.65,2.29,4.43,3.54,1.53,0.21,1.79,4.94,0.51,1.79,2.64,382833802.00,317806404.00,83.01,471.55,22.52,20.57,1.95,
25.94,5.11,92.79,1.42,98.58,3725.98,2.05,0.56,2.13,0.49,1.79,0.47,186.33,0.00,107.97,0.40,4.58,0.00,0.05,0.02,6.90,0.34,683.28,6.92,0.40,2.20,4.37,3.51,1.58,0.19,1.74,4.66,0.29,1.74,2.63,390775977.00,322131787.00,82.43,453.28,22.64,20.86,1.77,
25.77,5.87,92.01,1.70,98.30,3726.16,2.00,0.57,2.10,0.50,1.76,0.48,180.93,0.00,108.38,0.47,4.45,0.00,0.07,0.03,8.23,0.54,682.87,7.32,0.62,2.29,4.44,3.55,1.56,0.21,1.79,4.97,0.52,1.81,2.65,390809045.00,322138353.00,82.43,459.78,22.75,20.83,1.92,
26.01,5.07,92.83,1.41,98.59,3726.39,1.97,0.53,2.05,0.51,1.87,0.49,179.23,0.00,107.87,0.39,4.44,0.00,0.06,0.02,6.67,0.43,684.29,7.18,0.48,2.26,4.45,3.55,1.58,0.20,1.77,4.86,0.38,1.80,2.68,378831033.00,315058595.00,83.17,456.83,22.17,20.36,1.81,
25.84,6.28,91.60,1.89,98.11,3726.53,1.98,0.58,2.08,0.51,1.72,0.48,179.07,0.00,108.57,0.51,4.41,0.00,0.06,0.03,8.96,0.58,682.43,7.34,0.69,2.31,4.39,3.54,1.53,0.23,1.78,5.00,0.58,1.82,2.61,389123219.00,320166025.00,82.28,446.46,22.68,20.71,1.97,
25.83,5.41,92.47,1.52,98.48,3726.62,2.02,0.55,2.10,0.50,1.81,0.48,182.55,0.00,108.18,0.43,4.50,0.00,0.07,0.02,7.65,0.53,683.43,7.28,0.58,2.26,4.45,3.56,1.57,0.21,1.78,4.92,0.46,1.80,2.67,390625675.00,321319732.00,82.26,455.34,22.82,20.88,1.94,
25.86,5.45,92.43,1.55,98.45,3726.71,1.97,0.55,2.05,0.51,1.83,0.49,178.44,0.00,108.12,0.42,4.41,0.00,0.07,0.02,7.20,0.49,683.69,7.21,0.56,2.28,4.40,3.52,1.54,0.21,1.77,4.88,0.46,1.80,2.63,382946627.00,316827601.00,82.73,483.75,22.39,20.51,1.88,
26.03,6.85,91.04,2.29,97.71,3726.66,1.89,0.62,1.98,0.53,1.62,0.50,172.15,0.00,108.86,0.62,4.21,0.00,0.06,0.03,11.00,0.63,682.58,7.36,0.72,2.37,4.30,3.50,1.45,0.29,1.76,4.96,0.61,1.82,2.54,371339533.00,305316799.00,82.22,512.65,21.74,19.78,1.96,
25.96,5.25,92.65,1.50,98.50,3726.33,1.97,0.55,2.05,0.51,1.81,0.49,179.15,0.00,108.13,0.42,4.41,0.00,0.06,0.02,7.15,0.42,683.92,7.07,0.47,2.26,4.37,3.51,1.54,0.21,1.75,4.78,0.36,1.80,2.62,380458346.00,314962077.00,82.78,481.34,22.18,20.39,1.79,
25.86,5.34,92.55,1.54,98.46,3726.52,1.96,0.55,2.04,0.51,1.81,0.49,177.65,0.00,108.17,0.43,4.38,0.00,0.06,0.02,7.56,0.45,683.83,7.24,0.53,2.28,4.44,3.54,1.56,0.20,1.78,4.88,0.40,1.81,2.66,380339873.00,314871438.00,82.79,471.55,22.22,20.37,1.84,
25.92,5.72,92.17,1.66,98.34,3726.59,2.00,0.57,2.09,0.50,1.75,0.48,181.90,0.00,108.25,0.46,4.47,0.00,0.07,0.03,8.09,0.53,683.32,7.33,0.62,2.30,4.45,3.55,1.58,0.19,1.78,4.99,0.51,1.81,2.67,388252073.00,320531106.00,82.56,455.02,22.68,20.75,1.93,
25.81,4.75,93.13,1.29,98.71,3726.71,1.99,0.53,2.06,0.50,1.90,0.49,179.59,0.00,107.77,0.36,4.45,0.00,0.07,0.02,6.14,0.46,684.30,7.19,0.52,2.27,4.41,3.55,1.57,0.21,1.77,4.83,0.38,1.81,2.64,383492848.00,317280161.00,82.73,469.42,22.35,20.53,1.82,
25.98,5.82,92.07,1.72,98.28,3726.69,1.97,0.57,2.06,0.51,1.76,0.49,179.13,0.00,108.29,0.48,4.41,0.00,0.06,0.03,8.51,0.52,682.87,7.27,0.59,2.29,4.40,3.55,1.56,0.22,1.77,4.89,0.46,1.80,2.63,384857453.00,316430561.00,82.22,472.22,22.32,20.45,1.87,
25.73,5.48,92.39,1.58,98.42,3726.64,2.01,0.57,2.10,0.50,1.76,0.48,181.50,0.00,108.24,0.44,4.47,0.00,0.05,0.02,7.49,0.41,683.29,7.14,0.48,2.26,4.42,3.55,1.57,0.21,1.78,4.78,0.36,1.78,2.64,388828016.00,318315620.00,81.87,468.34,22.47,20.60,1.86,
26.13,5.98,91.93,1.77,98.23,3726.47,2.00,0.58,2.09,0.50,1.73,0.48,182.81,0.00,108.27,0.48,4.49,0.00,0.08,0.03,8.54,0.67,682.90,7.50,0.76,2.31,4.46,3.57,1.56,0.22,1.79,5.13,0.66,1.81,2.66,397144595.00,326562528.00,82.23,471.90,23.22,21.17,2.05,
25.70,6.11,91.77,1.88,98.12,3726.39,1.96,0.59,2.05,0.51,1.70,0.49,176.25,0.00,108.58,0.51,4.33,0.00,0.05,0.03,8.94,0.47,682.97,7.16,0.54,2.27,4.37,3.51,1.51,0.23,1.77,4.81,0.42,1.78,2.60,376929021.00,311561409.00,82.66,482.59,22.03,20.20,1.83,
25.94,5.51,92.38,1.59,98.41,3726.63,1.96,0.55,2.05,0.51,1.81,0.49,178.52,0.00,108.10,0.44,4.41,0.00,0.07,0.02,7.73,0.56,683.65,7.31,0.65,2.30,4.39,3.53,1.53,0.24,1.77,4.98,0.55,1.80,2.62,383057612.00,317523221.00,82.89,480.74,22.49,20.54,1.95,
25.92,5.94,91.94,1.76,98.24,3726.62,2.00,0.58,2.09,0.50,1.73,0.48,181.46,0.00,108.38,0.49,4.46,0.00,0.06,0.03,8.56,0.52,683.00,7.35,0.59,2.28,4.47,3.55,1.56,0.20,1.79,4.95,0.47,1.80,2.68,386575489.00,318842658.00,82.48,484.19,22.65,20.71,1.95,
