
AMDuProfPcm Report

Processor Name:,AMD EPYC 7473X 24-Core Processor               
System:,Family(0x19) Model(0x1) Stepping(0x2)
Operating System:,Linux 6.8.0-65-generic
Number of Sockets :,2
Number of Core Complexes(CCX) :,16
Number of Cores :,48
Number of Threads :,96
SMT Enabled in HW:,True
SMT Enabled by OS :,True

CPU Topology:
Socket, CCX, Core(s)
0,0, 0 1 2 48 49 50
0,1, 3 4 5 51 52 53
0,2, 6 7 8 54 55 56
0,3, 9 10 11 57 58 59
0,4, 12 13 14 60 61 62
0,5, 15 16 17 63 64 65
0,6, 18 19 20 66 67 68
0,7, 21 22 23 69 70 71
1,8, 24 25 26 72 73 74
1,9, 27 28 29 75 76 77
1,10, 30 31 32 78 79 80
1,11, 33 34 35 81 82 83
1,12, 36 37 38 84 85 86
1,13, 39 40 41 87 88 89
1,14, 42 43 44 90 91 92
1,15, 45 46 47 93 94 95

Core P0 state frequency (MHz):,2801.000000
Multiplex interval for core (ms):,1
Multiplex interval for l3 (ms):,1
Multiplex interval for df (ms):,1
Sample interval (ms):,1000
Data Collection Driver:,Linux Perf Driver
NMI Watchdog Enabled:,0
Version:,5.0.0

Hypervisor Info:
Hypervisor Enabled:,False
Command:,"AMDuProfPcm -m ipc,fp,l1,l2,memory,l3 -d 30 -o temp -- ../RF/server"

Abbreviation :
IPC    : Instructions Per CPU Cycle
CPI    : CPU Cycles Per Instructions
pti    : Per Thousand Instructions
ptc    : Per Thousand CPU Cycles

Profile Time: 2025/09/14 18:27:12:054
CORE METRICS,,,,,,,,,,,,,,,,,,,,,,,,,,,,,,,,,,,L3 METRICS,,,,DF METRICS,,,
System (Aggregated),,,,,,,,,,,,,,,,,,,,,,,,,,,,,,,,,,,System (Aggregated),,,,System (Aggregated),,,
Utilization (%),System time (%),User time (%),System instructions (%),User instructions (%),Eff Freq (MHz),IPC (Sys + User),IPC (Sys),IPC (User),CPI (Sys + User),CPI (Sys),CPI (User),Giga Instructions Per Sec,Locked Instructions (pti),Retired Branches (pti),Retired Branches Mispredicted (pti),Retired SSE/AVX Flops(GFLOPs),Mixed SSE/AVX Stalls (pti),IC (32B) Fetch Miss Ratio,Op Cache (64B) Fetch Miss Ratio,IC Access (pti),IC Miss (pti),DC Access (pti),L2 Access (pti),L2 Access from IC Miss (pti),L2 Access from DC Miss (pti),L2 Access from HWPF (pti),L2 Miss (pti),L2 Miss from IC Miss (pti),L2 Miss from DC Miss (pti),L2 Miss from HWPF (pti),L2 Hit (pti),L2 Hit from IC Miss (pti),L2 Hit from DC Miss (pti),L2 Hit from HWPF (pti),L3 Access,L3 Miss,L3 Miss %,Ave L3 Miss Latency,Total Mem Bw (GB/s),Total Mem RdBw (GB/s),Total Mem WrBw (GB/s),
3.89,22.03,53.19,5.64,94.36,3736.04,1.79,0.35,2.39,0.56,2.90,0.42,18.79,0.00,174.76,2.13,0.35,0.00,0.10,0.07,26.80,2.66,498.25,81.86,3.10,75.94,12.36,0.84,0.22,0.27,0.34,90.19,2.98,75.20,12.01,30214056.00,3372951.00,11.16,806.41,0.77,0.55,0.22,
3.87,22.60,53.36,5.62,94.38,3735.44,1.80,0.34,2.41,0.56,2.95,0.41,18.92,0.00,175.44,2.26,0.41,0.00,0.10,0.07,27.56,2.63,498.56,92.05,3.52,65.72,13.88,0.81,0.24,0.30,0.26,91.92,3.00,75.30,13.62,29737385.00,3843342.00,12.92,792.48,0.82,0.60,0.21,
3.92,24.03,52.25,6.27,93.73,3734.66,1.78,0.35,2.44,0.56,2.82,0.41,19.11,0.00,173.88,2.20,0.41,0.00,0.10,0.07,25.12,2.62,521.87,92.68,3.32,68.19,13.85,0.75,0.31,0.23,0.22,92.07,3.05,75.39,13.63,26477960.00,3741911.00,14.13,850.87,0.81,0.59,0.22,
3.86,22.58,53.69,5.38,94.62,3729.12,1.79,0.33,2.41,0.56,3.06,0.41,18.93,0.00,169.45,2.88,0.41,0.00,0.10,0.08,29.75,3.00,499.89,92.96,3.09,75.63,13.90,0.80,0.31,0.27,0.22,80.17,3.32,63.17,13.68,27496182.00,3897476.00,14.17,862.78,0.85,0.63,0.22,
3.86,23.22,52.56,5.73,94.27,3736.46,1.80,0.34,2.45,0.55,2.97,0.41,18.93,0.00,174.80,2.00,0.32,0.00,0.10,0.07,26.29,2.60,498.90,74.49,3.15,74.44,11.39,0.64,0.19,0.18,0.27,89.44,2.91,75.41,11.12,27615244.00,3737997.00,13.54,795.55,0.85,0.63,0.22,
3.85,22.27,53.63,5.46,94.54,3735.82,1.80,0.33,2.41,0.56,2.99,0.42,18.82,0.00,174.22,2.29,0.41,0.00,0.11,0.07,26.14,2.77,521.09,92.59,3.50,65.25,13.85,0.72,0.25,0.23,0.24,91.70,3.00,75.08,13.62,28139615.00,3497879.00,12.43,751.78,0.83,0.62,0.22,
3.88,22.37,53.74,5.37,94.63,3734.67,1.78,0.33,2.39,0.56,3.08,0.42,18.84,0.00,166.79,3.55,0.41,0.00,0.10,0.08,31.66,3.24,505.46,92.98,3.00,75.90,14.13,1.05,0.34,0.37,0.33,82.05,3.13,65.12,13.79,26401674.00,3190139.00,12.08,769.23,0.89,0.68,0.21,
3.83,23.00,52.79,5.53,94.47,3734.49,1.81,0.33,2.45,0.55,3.04,0.41,18.83,0.00,174.97,2.21,0.39,0.00,0.10,0.07,26.41,2.61,501.28,89.22,2.92,76.41,13.53,1.16,0.36,0.49,0.31,86.30,3.07,70.01,13.23,31324274.00,3433401.00,10.96,760.85,0.91,0.70,0.21,
3.92,22.23,53.90,5.41,94.59,3735.06,1.78,0.33,2.38,0.56,3.03,0.42,19.02,0.00,173.42,2.43,0.39,0.00,0.10,0.07,27.51,2.82,504.32,89.42,3.22,71.72,13.58,1.12,0.37,0.42,0.33,88.17,3.14,71.77,13.26,31913585.00,3576457.00,11.21,748.57,0.82,0.60,0.22,
3.81,22.60,53.07,5.48,94.52,3735.08,1.83,0.34,2.47,0.55,2.98,0.40,18.95,0.00,172.44,2.43,0.39,0.00,0.10,0.07,26.72,2.72,505.46,89.12,3.27,71.31,13.42,1.35,0.52,0.60,0.23,86.97,3.14,70.64,13.19,28374648.00,3811041.00,13.43,721.16,0.83,0.61,0.22,
3.85,22.24,53.59,5.40,94.60,3735.91,1.81,0.33,2.42,0.55,3.00,0.41,18.94,0.00,172.51,2.45,0.40,0.00,0.11,0.08,28.39,3.26,507.14,90.21,3.14,72.46,13.69,1.07,0.32,0.48,0.28,88.92,3.01,72.49,13.42,26182884.00,3740344.00,14.29,831.18,0.84,0.62,0.22,
4.23,20.72,57.25,5.59,94.41,3735.13,1.61,0.34,2.06,0.62,2.96,0.48,18.98,0.00,172.46,2.87,0.41,0.00,0.10,0.07,27.94,2.92,507.26,95.31,3.35,72.98,15.14,3.62,0.43,2.45,0.75,88.63,2.83,71.40,14.39,77957392.00,3741584.00,4.80,847.80,0.91,0.69,0.22,
3.85,21.91,53.91,5.34,94.66,3735.23,1.80,0.33,2.39,0.56,3.01,0.42,18.80,0.00,169.94,2.92,0.41,0.00,0.10,0.08,28.08,2.92,514.37,92.93,3.04,75.79,14.01,0.90,0.33,0.27,0.30,79.35,3.21,62.43,13.71,26764541.00,3419613.00,12.78,797.84,0.83,0.61,0.22,
3.90,22.98,53.12,6.02,93.98,3734.11,1.77,0.35,2.38,0.56,2.83,0.42,18.82,0.00,174.45,2.29,0.38,0.00,0.10,0.07,25.93,2.56,501.19,87.13,3.18,70.47,13.28,0.75,0.24,0.21,0.29,92.08,2.81,76.29,12.99,28431107.00,3436406.00,12.09,783.91,0.82,0.61,0.22,
3.87,23.53,52.39,6.13,93.87,3735.72,1.81,0.36,2.47,0.55,2.79,0.41,19.12,0.00,168.64,2.93,0.41,0.00,0.10,0.08,28.38,2.95,516.99,92.45,3.10,75.82,13.71,0.78,0.27,0.30,0.20,85.76,3.08,69.17,13.50,23347160.00,3436960.00,14.72,821.38,0.79,0.58,0.22,
3.87,23.11,52.63,5.54,94.46,3738.40,1.80,0.33,2.45,0.55,3.06,0.41,18.98,0.00,167.12,3.31,0.41,0.00,0.10,0.08,31.28,3.17,500.94,92.54,2.99,76.08,13.75,0.80,0.32,0.26,0.23,83.40,3.20,66.67,13.52,25468163.00,3600269.00,14.14,749.63,0.86,0.64,0.22,
3.87,22.51,53.45,5.58,94.42,3735.51,1.79,0.34,2.40,0.56,2.97,0.42,18.83,0.00,175.25,2.14,0.35,0.00,0.10,0.07,25.91,2.55,498.70,80.86,3.22,76.36,12.51,1.43,0.25,0.75,0.43,89.66,2.95,74.62,12.08,34800025.00,3843190.00,11.04,834.78,0.86,0.64,0.21,
3.89,21.80,54.31,5.27,94.73,3734.91,1.84,0.34,2.45,0.54,2.95,0.41,19.58,0.00,175.11,2.48,0.41,0.00,0.11,0.07,26.75,2.97,513.19,91.63,3.32,64.37,14.07,1.38,0.41,0.58,0.39,91.85,2.98,75.19,13.68,34837346.00,4938810.00,14.18,817.16,0.86,0.64,0.22,
3.86,22.28,53.67,5.46,94.54,3733.34,1.78,0.33,2.38,0.56,3.01,0.42,18.73,0.00,172.55,2.60,0.40,0.00,0.10,0.08,28.75,2.88,504.72,92.16,3.05,75.65,13.86,0.95,0.33,0.31,0.31,83.43,3.10,66.79,13.55,30702323.00,3789471.00,12.34,790.60,0.85,0.63,0.22,
3.83,22.89,52.56,5.74,94.26,3736.58,1.79,0.34,2.42,0.56,2.96,0.41,18.51,0.00,175.04,2.26,0.37,0.00,0.10,0.07,27.47,2.83,502.33,85.37,3.28,69.29,12.87,0.99,0.29,0.37,0.33,90.95,2.91,75.49,12.55,31039138.00,3730344.00,12.02,848.08,0.87,0.66,0.21,
3.81,22.91,53.07,5.58,94.42,3729.53,1.81,0.33,2.44,0.55,2.99,0.41,18.70,0.00,170.86,2.93,0.41,0.00,0.11,0.07,28.03,2.95,516.14,92.44,3.04,73.71,13.88,1.02,0.39,0.31,0.32,83.90,3.09,67.24,13.57,30254361.00,3964026.00,13.10,734.60,0.90,0.68,0.22,
3.82,22.70,53.04,5.65,94.35,3735.98,1.81,0.34,2.44,0.55,2.93,0.41,18.78,0.00,175.01,2.11,0.36,0.00,0.10,0.07,27.23,2.85,500.46,83.86,3.03,76.21,12.73,0.92,0.23,0.41,0.28,91.24,2.93,75.87,12.45,27244749.00,3361011.00,12.34,814.26,0.82,0.60,0.22,
3.81,22.58,53.05,5.49,94.51,3736.10,1.82,0.33,2.45,0.55,2.99,0.41,18.84,0.00,175.13,2.05,0.41,0.00,0.10,0.07,26.16,2.65,503.30,92.30,3.62,59.68,13.69,0.81,0.34,0.25,0.21,91.57,3.05,75.04,13.47,24629753.00,3423109.00,13.90,820.51,0.77,0.55,0.22,
3.80,22.19,53.40,5.39,94.61,3735.51,1.85,0.34,2.47,0.54,2.95,0.40,19.01,0.00,166.80,3.38,0.41,0.00,0.11,0.08,31.45,3.34,514.20,92.03,3.06,75.31,13.53,1.14,0.28,0.62,0.24,86.54,3.12,70.13,13.29,22890628.00,3338793.00,14.59,743.64,0.83,0.61,0.21,
3.85,21.98,53.89,5.49,94.51,3735.67,1.81,0.34,2.41,0.55,2.91,0.41,18.97,0.00,175.62,2.19,0.37,0.00,0.12,0.07,27.11,3.16,499.74,83.08,3.05,75.87,12.70,0.89,0.32,0.23,0.34,88.49,3.05,73.08,12.36,24569861.00,3436002.00,13.98,793.45,0.85,0.63,0.21,
3.86,22.63,53.36,5.64,94.36,3733.91,1.79,0.34,2.40,0.56,2.96,0.42,18.77,0.00,175.08,2.11,0.38,0.00,0.10,0.07,26.06,2.61,499.52,87.50,3.46,67.09,13.07,0.82,0.23,0.32,0.27,91.23,2.92,75.50,12.81,28700428.00,3780465.00,13.17,788.56,0.78,0.56,0.21,
3.83,22.04,53.86,5.36,94.64,3735.30,1.83,0.34,2.44,0.55,2.97,0.41,19.07,0.00,175.64,2.02,0.42,0.00,0.11,0.07,24.14,2.60,530.62,93.13,3.25,74.99,13.96,1.05,0.26,0.47,0.32,92.63,2.97,76.02,13.64,27695089.00,3462968.00,12.50,826.39,0.80,0.59,0.22,
3.86,22.40,53.36,5.39,94.61,3736.36,1.82,0.33,2.44,0.55,3.02,0.41,19.02,0.00,169.63,2.79,0.42,0.00,0.10,0.08,28.44,2.91,506.51,93.35,3.00,75.84,13.90,0.68,0.27,0.21,0.20,83.95,3.14,67.11,13.70,23636904.00,3434089.00,14.53,759.72,0.77,0.55,0.22,
3.83,22.82,52.91,5.49,94.51,3735.58,1.83,0.33,2.48,0.55,3.00,0.40,19.07,0.00,174.84,2.01,0.40,0.00,0.10,0.07,25.54,2.54,498.05,90.25,2.98,76.03,13.57,0.68,0.24,0.19,0.26,89.95,2.99,73.65,13.31,21767106.00,3164366.00,14.54,764.55,0.83,0.61,0.22,
3.80,22.66,52.91,5.63,94.37,3735.17,1.83,0.34,2.46,0.55,2.92,0.41,18.80,0.00,174.67,2.08,0.34,0.00,0.10,0.07,26.32,2.59,498.01,79.54,3.08,75.40,12.07,0.65,0.22,0.19,0.25,89.79,2.98,74.98,11.83,26390604.00,3406065.00,12.91,744.56,0.78,0.56,0.22,
